,,Overall,Overall,Overall,Overall,Overall,Overall,Conf.,Conf.,Home,Home,Away,Away,Points,Points,,School Advanced,School Advanced,School Advanced,School Advanced,School Advanced,School Advanced,School Advanced,School Advanced,School Advanced,School Advanced,School Advanced,School Advanced,School Advanced
Rk,School,G,W,L,W-L%,SRS,SOS,W,L,W,L,W,L,Tm.,Opp.,,Pace,ORtg,FTr,3PAr,TS%,TRB%,AST%,STL%,BLK%,eFG%,TOV%,ORB%,FT/FGA
1,Abilene Christian,31,13,18,.419,-13.69,-7.29,8,10,10,5,2,12,2209,2272,,69.7,101.4,.383,.335,.548,49.0,54.7,10.7,6.6,.514,17.3,26.0,.269
2,Air Force,32,14,18,.438,-5.46,0.70,5,13,12,5,2,13,2189,2330,,69.0,97.7,.402,.339,.523,48.3,55.9,8.7,5.9,.485,16.9,24.7,.275
3,Akron,33,26,7,.788,6.17,-1.42,13,5,15,0,6,7,2558,2245,,69.4,111.7,.321,.502,.560,50.4,55.5,7.7,9.8,.534,13.7,29.3,.223
4,Alabama A&M,29,11,18,.379,-13.21,-10.50,6,12,6,5,4,12,1974,2042,,65.6,102.4,.393,.367,.510,49.4,53.7,8.5,5.7,.471,15.0,31.5,.269
5,Alabama-Birmingham,32,26,6,.813,3.91,-3.45,16,2,16,0,10,3,2527,2226,,69.3,112.2,.334,.336,.571,52.7,64.4,9.2,15.5,.542,15.4,33.1,.239
6,Alabama State,31,14,17,.452,-12.79,-9.03,9,9,8,3,5,12,2217,2308,,69.5,101.2,.325,.337,.501,49.7,47.2,8.3,9.1,.467,14.5,31.5,.222
7,Alabama,32,18,14,.563,7.88,8.85,8,10,10,4,5,7,2139,2170,,66.2,100.2,.412,.433,.529,47.8,46.9,8.4,14.1,.501,17.6,28.2,.264
8,Albany (NY),32,24,8,.750,1.20,-7.70,13,3,14,1,10,7,2405,2086,,67.6,110.4,.454,.317,.559,55.4,49.1,9.7,4.7,.510,16.0,35.5,.340
9,Alcorn State,30,15,15,.500,-15.74,-9.67,13,5,9,2,6,9,2014,2164,,66.4,99.0,.400,.335,.500,50.8,39.4,6.6,10.3,.460,17.7,35.0,.271
10,American,31,12,19,.387,-13.87,-5.78,9,9,5,7,7,12,1785,2036,,61.9,92.3,.317,.385,.522,46.8,55.2,9.1,6.3,.490,19.9,23.5,.221
11,Appalachian State,31,9,22,.290,-7.71,-0.90,7,13,6,7,2,12,2187,2398,,70.8,99.6,.391,.401,.514,49.7,49.7,5.8,7.5,.472,18.0,32.9,.275
12,Arizona State,32,15,17,.469,8.67,9.36,5,13,11,6,3,9,2345,2367,,69.8,104.2,.378,.394,.518,50.4,50.9,7.6,7.3,.481,14.6,31.5,.260
13,Arizona,33,25,8,.758,19.48,7.27,12,6,17,1,5,5,2680,2277,,69.9,113.6,.441,.292,.576,56.5,51.6,6.9,11.4,.538,15.5,35.0,.319
14,Arkansas-Little Rock,31,27,4,.871,6.59,-3.10,17,3,14,0,12,4,2199,1853,,64.6,109.3,.314,.352,.555,50.2,51.8,9.9,10.3,.522,14.3,28.6,.232
15,Arkansas-Pine Bluff,33,8,25,.242,-18.94,-5.15,6,12,3,6,4,17,1867,2322,,65.3,86.3,.301,.387,.474,44.6,47.0,10.9,10.8,.450,20.9,27.7,.184
16,Arkansas State,31,11,20,.355,-7.29,-2.18,7,13,9,6,2,14,2282,2353,,73.0,99.3,.409,.304,.510,49.7,49.5,6.8,10.9,.459,15.3,28.1,.300
17,Arkansas,32,16,16,.500,10.73,7.26,9,9,13,4,3,8,2501,2390,,71.3,107.5,.376,.273,.533,50.0,58.7,10.0,13.8,.497,13.3,30.9,.261
18,Army,32,19,13,.594,-6.69,-7.98,9,9,7,8,11,5,2474,2395,,72.1,104.7,.320,.418,.532,52.2,56.1,6.8,8.1,.501,15.8,31.7,.223
19,Auburn,31,11,20,.355,0.60,7.99,5,13,8,7,2,11,2192,2421,,72.5,97.1,.410,.439,.504,47.2,48.6,7.4,10.4,.473,16.6,27.9,.259
20,Austin Peay,35,18,17,.514,-5.83,-3.47,7,9,7,7,7,9,2661,2660,,70.3,106.6,.452,.317,.551,51.9,51.4,9.7,8.0,.518,17.0,32.9,.303
,,Overall,Overall,Overall,Overall,Overall,Overall,Conf.,Conf.,Home,Home,Away,Away,Points,Points,,School Advanced,School Advanced,School Advanced,School Advanced,School Advanced,School Advanced,School Advanced,School Advanced,School Advanced,School Advanced,School Advanced,School Advanced,School Advanced
Rk,School,G,W,L,W-L%,SRS,SOS,W,L,W,L,W,L,Tm.,Opp.,,Pace,ORtg,FTr,3PAr,TS%,TRB%,AST%,STL%,BLK%,eFG%,TOV%,ORB%,FT/FGA
21,Ball State,32,19,13,.594,0.33,-2.86,10,8,12,6,5,7,2251,2116,,66.3,104.9,.352,.423,.555,51.3,60.6,8.3,10.5,.526,17.1,27.2,.243
22,Baylor,33,22,11,.667,17.03,10.34,10,8,15,5,6,5,2546,2287,,67.6,112.9,.381,.287,.557,55.9,65.0,11.5,11.3,.519,15.8,40.4,.277
23,Belmont,31,20,11,.645,1.31,-2.39,12,4,11,1,8,9,2554,2417,,72.9,112.6,.351,.498,.610,49.4,59.9,6.2,6.1,.585,17.5,26.3,.253
24,Bethune-Cookman,32,14,18,.438,-13.96,-8.79,10,6,9,2,5,13,2258,2330,,68.1,102.4,.309,.407,.510,48.5,46.4,8.9,15.3,.478,15.8,32.9,.213
25,Binghamton,30,8,22,.267,-13.88,-6.15,5,11,5,9,3,13,1827,2059,,67.4,90.0,.362,.371,.483,48.0,52.9,7.9,6.4,.443,18.3,25.2,.247
26,Boise State,32,20,12,.625,7.26,3.16,11,7,14,2,5,7,2480,2246,,70.5,109.1,.406,.424,.559,51.3,51.1,9.2,5.8,.523,14.5,28.5,.288
27,Boston College,32,7,25,.219,-1.41,7.87,0,18,6,11,0,10,1959,2256,,66.9,91.1,.259,.406,.498,45.9,57.2,8.4,8.1,.475,18.0,21.8,.168
28,Boston University,32,18,14,.563,-6.64,-6.45,11,7,9,6,9,8,2342,2315,,69.3,104.5,.363,.388,.559,50.8,53.1,8.2,10.1,.525,17.3,27.2,.260
29,Bowling Green State,34,16,18,.471,-5.65,-1.62,5,13,7,8,7,8,2400,2457,,69.3,101.8,.398,.294,.528,50.6,46.9,8.9,9.2,.497,16.1,28.7,.261
30,Bradley,32,5,27,.156,-10.86,3.76,3,15,4,11,1,12,1793,2238,,67.1,82.8,.393,.370,.473,49.1,48.2,6.6,7.7,.431,22.4,25.0,.261
31,Brigham Young,33,23,10,.697,12.14,1.67,13,5,14,2,6,6,2758,2382,,73.8,112.8,.347,.365,.559,53.3,55.7,9.0,11.1,.532,13.6,31.3,.239
32,Brown,28,8,20,.286,-8.04,-2.82,3,11,7,6,1,13,2040,2155,,70.5,101.6,.369,.393,.534,48.3,59.4,7.5,10.2,.498,16.5,26.5,.259
33,Bryant,31,8,23,.258,-18.24,-6.38,5,13,4,10,4,13,2018,2361,,68.4,94.5,.268,.342,.498,46.3,55.0,8.2,7.4,.475,17.2,26.3,.172
34,Bucknell,30,17,13,.567,-1.69,-5.97,14,4,8,7,9,6,2368,2198,,71.4,108.3,.437,.352,.568,51.8,59.2,9.0,8.7,.530,16.8,30.4,.312
35,Buffalo,33,19,14,.576,1.10,0.50,10,8,10,5,5,9,2573,2494,,72.7,106.4,.424,.365,.542,51.8,48.9,9.4,9.3,.501,16.1,32.6,.300
36,Butler,31,21,10,.677,16.28,6.86,10,8,13,3,5,5,2498,2206,,70.2,114.3,.398,.305,.564,52.6,51.3,9.6,9.3,.525,12.7,32.9,.291
37,Cal Poly,30,10,20,.333,-3.17,1.22,4,12,5,7,3,12,2171,2255,,67.8,104.9,.345,.376,.515,49.8,56.3,7.9,8.2,.482,12.9,30.2,.233
38,Cal State Bakersfield,31,23,8,.742,2.63,-6.05,11,3,14,1,7,7,2280,1968,,68.7,106.2,.383,.269,.528,52.9,59.7,11.7,14.6,.498,15.1,34.6,.251
39,Cal State Fullerton,30,10,20,.333,-6.86,-0.50,3,13,5,8,5,9,2104,2227,,70.0,99.8,.436,.342,.512,50.5,43.6,7.0,4.5,.467,16.2,29.8,.302
40,Cal State Northridge,30,10,20,.333,-6.55,-0.55,5,11,5,7,4,12,2143,2261,,71.3,98.1,.427,.247,.517,48.6,56.8,9.3,7.9,.469,17.0,27.4,.306
,,Overall,Overall,Overall,Overall,Overall,Overall,Conf.,Conf.,Home,Home,Away,Away,Points,Points,,School Advanced,School Advanced,School Advanced,School Advanced,School Advanced,School Advanced,School Advanced,School Advanced,School Advanced,School Advanced,School Advanced,School Advanced,School Advanced
Rk,School,G,W,L,W-L%,SRS,SOS,W,L,W,L,W,L,Tm.,Opp.,,Pace,ORtg,FTr,3PAr,TS%,TRB%,AST%,STL%,BLK%,eFG%,TOV%,ORB%,FT/FGA
41,UC-Davis,30,11,19,.367,-5.28,-0.96,6,10,8,7,3,11,1914,1980,,67.1,93.1,.346,.288,.511,49.4,49.1,9.0,4.5,.484,18.7,25.1,.221
42,UC-Irvine,34,25,9,.735,5.69,1.10,13,3,11,2,10,4,2417,2240,,67.1,105.1,.374,.303,.547,51.7,60.0,8.2,14.3,.516,16.0,28.9,.256
43,UC-Riverside,33,14,19,.424,-5.40,-2.82,5,11,7,9,7,9,2299,2300,,68.7,101.5,.364,.389,.533,50.6,52.0,7.5,7.9,.497,16.9,28.7,.256
44,UC-Santa Barbara,31,18,13,.581,4.50,1.74,11,5,6,5,10,6,2216,2092,,68.5,103.9,.268,.350,.535,51.3,58.0,8.9,9.4,.508,15.9,29.6,.189
45,University of California,33,23,10,.697,16.46,8.37,12,6,18,0,4,7,2479,2212,,68.1,109.1,.416,.337,.552,54.5,48.9,6.0,11.1,.525,15.2,32.4,.273
46,Campbell,30,12,18,.400,-10.68,-6.27,5,13,7,9,5,8,2207,2203,,70.0,104.7,.413,.404,.552,46.6,46.4,10.2,6.2,.512,15.2,23.3,.296
47,Canisius,33,14,19,.424,-5.21,-3.36,8,12,7,7,4,11,2526,2587,,68.8,108.3,.369,.415,.533,47.6,55.1,8.5,7.6,.490,13.6,31.0,.274
48,Central Arkansas,28,7,21,.250,-14.92,-6.56,6,12,4,6,2,14,2110,2344,,73.7,102.2,.419,.300,.531,50.4,50.4,7.4,9.4,.499,17.1,31.3,.276
49,Central Connecticut State,29,4,25,.138,-22.04,-8.93,3,15,3,11,1,14,1888,2268,,68.8,93.4,.311,.282,.483,48.8,50.0,6.3,9.0,.448,17.2,29.9,.211
50,Central Florida,30,12,18,.400,0.46,3.29,6,12,8,8,4,9,2062,2147,,68.3,99.8,.372,.391,.527,51.7,53.0,6.6,11.1,.492,18.5,31.3,.256
51,Central Michigan,32,17,15,.531,-0.13,-0.89,10,8,13,3,4,8,2422,2325,,67.3,112.0,.315,.459,.553,48.4,50.7,7.0,7.0,.523,11.9,27.7,.226
52,Charleston Southern,30,9,21,.300,-10.51,-2.18,5,13,6,8,3,12,2146,2253,,70.0,101.4,.283,.448,.523,48.9,49.0,7.2,6.0,.506,15.7,27.0,.176
53,Charlotte,33,14,19,.424,-2.94,-1.52,9,9,8,7,5,8,2584,2631,,72.1,107.0,.332,.337,.540,49.9,52.3,8.4,5.5,.510,14.3,29.5,.231
54,Chattanooga,34,29,5,.853,3.99,-3.70,15,3,13,1,10,4,2578,2265,,68.0,110.7,.416,.374,.565,52.5,57.0,11.4,13.4,.524,15.8,32.6,.305
55,Chicago State,32,4,28,.125,-17.27,-1.13,0,14,4,9,0,15,2140,2478,,72.0,92.9,.287,.376,.472,47.7,49.1,10.7,9.3,.440,16.9,31.0,.192
56,Cincinnati,32,22,10,.688,15.62,5.31,12,6,14,3,6,6,2342,2012,,65.7,108.5,.335,.364,.525,53.2,60.1,11.8,15.5,.490,13.8,36.5,.236
57,Citadel,32,10,22,.313,-15.53,-4.33,3,15,6,8,3,13,2753,2962,,81.2,105.6,.314,.500,.534,44.4,52.1,10.8,7.0,.499,14.7,28.0,.229
58,Clemson,31,17,14,.548,12.29,7.13,10,8,13,4,3,8,2159,1999,,63.7,108.5,.333,.393,.540,50.2,54.6,9.0,14.2,.506,13.7,30.3,.241
59,Cleveland State,32,9,23,.281,-9.06,0.20,4,14,5,9,3,10,1947,2169,,65.9,91.9,.308,.308,.486,48.6,46.4,9.3,8.1,.453,18.8,30.1,.209
60,Coastal Carolina,29,18,11,.621,-1.59,-4.32,12,6,11,3,7,5,2167,1953,,68.2,109.0,.370,.371,.551,52.7,46.5,8.7,9.0,.525,15.5,32.2,.247
,,Overall,Overall,Overall,Overall,Overall,Overall,Conf.,Conf.,Home,Home,Away,Away,Points,Points,,School Advanced,School Advanced,School Advanced,School Advanced,School Advanced,School Advanced,School Advanced,School Advanced,School Advanced,School Advanced,School Advanced,School Advanced,School Advanced
Rk,School,G,W,L,W-L%,SRS,SOS,W,L,W,L,W,L,Tm.,Opp.,,Pace,ORtg,FTr,3PAr,TS%,TRB%,AST%,STL%,BLK%,eFG%,TOV%,ORB%,FT/FGA
61,Colgate,30,13,17,.433,-8.37,-5.82,9,9,8,4,5,13,2093,2145,,65.3,105.0,.292,.429,.549,47.7,53.3,9.2,7.2,.526,16.1,27.4,.198
62,College of Charleston,31,17,14,.548,2.78,0.45,8,10,10,5,6,8,2028,1921,,65.1,99.7,.330,.346,.510,50.8,50.0,10.9,7.4,.480,16.6,30.2,.220
63,Colorado State,34,18,16,.529,2.28,1.50,8,10,12,5,3,8,2700,2626,,69.3,111.3,.417,.433,.545,53.6,51.8,5.4,6.2,.504,13.9,33.6,.299
64,Colorado,33,22,11,.667,12.64,7.89,10,8,16,1,4,7,2509,2333,,70.8,106.6,.393,.322,.534,55.9,53.8,7.3,11.7,.489,15.9,35.5,.291
65,Columbia,31,21,10,.677,2.37,-2.56,10,4,14,4,7,6,2362,2146,,66.8,112.7,.378,.445,.569,51.4,56.4,9.4,10.2,.537,14.1,29.8,.269
66,Connecticut,32,22,10,.688,15.76,5.70,11,7,14,3,6,4,2347,2025,,66.1,109.2,.292,.335,.556,51.4,51.8,8.7,14.2,.518,14.6,29.5,.229
67,Coppin State,31,9,22,.290,-15.29,-5.60,6,10,5,7,3,14,2240,2497,,71.3,98.2,.381,.370,.491,47.1,47.0,7.6,7.2,.445,15.2,31.4,.269
68,Cornell,28,10,18,.357,-9.56,-1.04,3,11,5,8,5,10,1992,2193,,72.6,97.1,.324,.407,.516,43.2,43.0,10.6,9.6,.490,16.2,22.8,.211
69,Creighton,32,18,14,.563,13.07,6.54,9,9,12,5,4,8,2546,2337,,72.1,110.3,.374,.391,.568,50.8,54.9,8.4,7.8,.537,14.2,26.7,.263
70,Dartmouth,28,10,18,.357,-5.55,-3.26,4,10,8,6,2,12,1992,1989,,69.1,102.0,.375,.285,.526,51.8,52.4,9.8,5.4,.484,17.7,33.6,.271
71,Davidson,31,20,11,.645,6.49,4.79,10,8,15,1,3,9,2480,2416,,71.4,111.7,.334,.439,.562,47.4,55.8,6.7,7.6,.523,12.6,25.8,.254
72,Dayton,31,25,6,.806,12.26,4.55,14,4,14,3,8,2,2263,2024,,68.3,105.6,.415,.350,.551,54.0,57.5,8.4,12.1,.521,16.5,29.3,.279
73,Delaware State,32,7,25,.219,-20.49,-6.46,5,11,6,7,1,17,1980,2336,,67.2,91.4,.295,.385,.478,44.8,51.7,8.0,8.8,.455,17.7,28.0,.182
74,Delaware,30,7,23,.233,-8.40,1.06,2,16,5,7,2,15,1986,2270,,67.4,97.8,.422,.311,.498,50.7,47.7,5.3,9.2,.453,15.3,29.5,.289
75,Denver,31,16,15,.516,-3.07,-2.97,7,9,8,7,6,6,2021,2024,,62.6,104.1,.366,.423,.594,45.2,64.3,10.2,7.4,.557,19.2,20.1,.282
76,DePaul,31,9,22,.290,0.69,8.21,3,15,5,9,3,10,2092,2325,,68.4,98.2,.365,.290,.527,50.6,48.7,7.0,9.2,.494,18.9,30.7,.248
77,Detroit Mercy,31,16,15,.516,-2.33,-0.71,9,9,11,4,4,10,2595,2567,,75.7,110.1,.412,.337,.563,51.4,45.5,9.0,11.2,.529,15.6,32.4,.288
78,Drake,31,7,24,.226,-5.16,0.91,2,16,5,9,0,12,2093,2230,,65.9,101.2,.343,.341,.549,50.3,51.4,5.6,5.4,.515,18.1,25.6,.248
79,Drexel,31,6,25,.194,-5.08,2.22,3,15,3,9,2,12,1958,2183,,65.6,95.9,.368,.300,.484,48.0,56.7,6.9,10.0,.443,14.7,28.3,.252
80,Duke,33,23,10,.697,20.14,10.74,11,7,15,3,5,4,2688,2378,,68.3,118.4,.401,.401,.572,49.9,49.0,9.3,9.4,.536,12.2,34.0,.290
,,Overall,Overall,Overall,Overall,Overall,Overall,Conf.,Conf.,Home,Home,Away,Away,Points,Points,,School Advanced,School Advanced,School Advanced,School Advanced,School Advanced,School Advanced,School Advanced,School Advanced,School Advanced,School Advanced,School Advanced,School Advanced,School Advanced
Rk,School,G,W,L,W-L%,SRS,SOS,W,L,W,L,W,L,Tm.,Opp.,,Pace,ORtg,FTr,3PAr,TS%,TRB%,AST%,STL%,BLK%,eFG%,TOV%,ORB%,FT/FGA
81,Duquesne,32,16,16,.500,1.77,1.65,6,12,9,6,4,7,2512,2483,,73.3,106.3,.322,.427,.560,51.0,55.7,6.5,9.8,.536,16.6,27.9,.221
82,East Carolina,32,12,20,.375,-0.09,3.51,4,14,8,8,3,10,2186,2301,,67.0,100.0,.346,.382,.524,48.5,63.9,8.4,5.5,.490,17.1,28.8,.241
83,East Tennessee State,34,23,11,.676,-0.87,-2.27,14,4,13,2,8,8,2644,2500,,70.2,109.6,.369,.359,.563,49.8,45.1,9.5,10.2,.530,15.6,29.7,.263
84,Eastern Illinois,30,13,17,.433,-8.12,-3.30,9,7,9,5,4,9,2145,2213,,68.3,103.0,.338,.382,.532,46.3,54.6,8.5,6.3,.507,15.4,27.3,.222
85,Eastern Kentucky,31,15,16,.484,-3.26,-3.59,6,10,10,6,5,10,2497,2453,,73.4,109.8,.398,.371,.597,47.7,57.3,9.6,8.3,.564,18.1,27.2,.290
86,Eastern Michigan,33,18,15,.545,0.17,1.55,9,9,14,3,4,11,2553,2460,,72.4,106.0,.435,.307,.539,48.6,43.3,13.0,10.5,.494,15.3,32.0,.314
87,Eastern Washington,32,17,15,.531,-4.39,-6.33,10,8,10,2,5,11,2620,2460,,70.5,116.2,.369,.462,.599,49.6,46.5,8.6,9.1,.578,14.5,27.8,.252
88,Elon,32,16,16,.500,-0.31,1.03,7,11,8,8,8,7,2429,2413,,71.7,105.5,.308,.456,.545,49.3,56.4,7.6,5.2,.523,15.7,28.0,.204
89,Evansville,34,25,9,.735,8.09,-0.40,12,6,13,3,8,4,2526,2221,,68.9,107.0,.470,.250,.575,52.2,67.7,7.5,11.1,.534,16.4,24.8,.340
90,Fairfield,32,19,13,.594,-2.91,-2.66,12,8,11,4,7,7,2460,2468,,72.2,104.5,.327,.415,.553,46.2,58.3,8.8,10.2,.519,16.0,25.2,.241
91,Fairleigh Dickinson,32,18,14,.563,-9.94,-8.26,11,7,9,6,9,8,2493,2504,,72.2,106.7,.329,.324,.550,46.6,50.3,10.3,7.4,.521,15.6,29.2,.230
92,Florida A&M,29,8,21,.276,-21.38,-10.30,4,12,6,6,1,14,1863,2128,,70.8,88.4,.430,.346,.482,46.9,49.5,9.1,5.9,.453,19.6,26.3,.253
93,Florida Atlantic,33,8,25,.242,-10.11,-1.53,5,13,5,7,2,14,2189,2445,,68.5,96.5,.338,.367,.511,45.6,51.2,7.7,9.7,.469,15.9,23.7,.247
94,Florida Gulf Coast,33,20,13,.606,-1.65,-4.37,8,6,16,4,4,8,2540,2325,,69.4,108.0,.362,.248,.544,53.3,47.0,9.3,10.4,.521,15.1,32.9,.234
95,Florida International,32,13,19,.406,-5.10,-4.66,7,11,7,9,5,8,2277,2242,,66.8,104.9,.363,.280,.546,51.8,46.9,7.5,12.6,.520,16.7,30.6,.241
96,Florida State,32,19,13,.594,12.70,8.39,8,10,10,4,4,7,2499,2361,,71.7,108.5,.376,.322,.553,52.3,47.5,10.0,11.2,.522,15.6,32.9,.259
97,Florida,33,19,14,.576,14.98,9.95,9,9,12,4,4,8,2429,2263,,70.0,104.8,.409,.370,.511,51.3,51.3,9.0,11.0,.479,13.8,33.0,.263
98,Fordham,30,17,13,.567,2.51,0.38,8,10,14,4,3,7,2140,2059,,68.2,103.3,.341,.398,.545,51.4,61.8,12.2,12.1,.517,17.5,30.4,.233
99,Fresno State,33,24,9,.727,4.92,1.50,13,5,16,2,6,7,2493,2332,,70.2,105.9,.384,.295,.522,51.0,51.1,11.4,12.1,.485,12.9,31.5,.264
100,Furman,33,18,15,.545,-2.38,-4.06,11,7,13,1,3,12,2357,2196,,66.2,107.8,.424,.418,.560,53.1,50.6,9.1,9.5,.524,17.3,32.8,.298
,,Overall,Overall,Overall,Overall,Overall,Overall,Conf.,Conf.,Home,Home,Away,Away,Points,Points,,School Advanced,School Advanced,School Advanced,School Advanced,School Advanced,School Advanced,School Advanced,School Advanced,School Advanced,School Advanced,School Advanced,School Advanced,School Advanced
Rk,School,G,W,L,W-L%,SRS,SOS,W,L,W,L,W,L,Tm.,Opp.,,Pace,ORtg,FTr,3PAr,TS%,TRB%,AST%,STL%,BLK%,eFG%,TOV%,ORB%,FT/FGA
101,Gardner-Webb,33,17,16,.515,-6.48,-3.51,10,8,9,4,5,11,2476,2451,,70.9,104.6,.344,.396,.522,50.8,50.7,11.2,9.5,.495,15.7,33.2,.225
102,George Mason,32,11,21,.344,-1.59,3.82,5,13,7,8,2,11,2140,2313,,67.6,98.1,.344,.312,.487,55.1,42.8,4.2,9.3,.451,15.7,33.5,.231
103,George Washington,33,23,10,.697,10.23,3.71,11,7,14,3,7,5,2483,2268,,67.4,110.7,.399,.328,.551,53.9,55.1,8.8,8.9,.504,14.4,34.1,.302
104,Georgetown,33,15,18,.455,10.15,8.33,7,11,9,8,4,8,2430,2370,,69.1,105.4,.379,.414,.554,50.8,60.0,7.8,11.5,.512,16.7,28.3,.285
105,Georgia Southern,31,14,17,.452,-5.41,-2.89,10,10,10,4,4,12,2353,2307,,71.2,105.7,.383,.438,.523,47.9,44.0,10.4,7.0,.484,13.9,30.4,.267
106,Georgia State,30,16,14,.533,-2.63,-2.02,9,11,12,3,4,10,1971,1950,,65.1,99.3,.374,.273,.524,46.9,49.9,10.1,9.9,.488,15.8,24.7,.258
107,Georgia Tech,33,19,14,.576,12.22,10.04,8,10,13,5,4,7,2417,2345,,67.1,108.8,.324,.277,.529,55.1,50.3,6.8,10.4,.493,13.9,37.5,.233
108,Georgia,31,19,12,.613,10.15,8.60,10,8,14,4,3,8,2163,2115,,68.2,101.5,.445,.316,.521,52.3,54.2,7.2,14.7,.475,16.8,32.2,.312
109,Gonzaga,33,26,7,.788,16.27,3.52,15,3,11,4,9,2,2630,2186,,68.1,116.6,.354,.357,.590,55.1,49.2,7.4,7.4,.554,14.3,32.3,.269
110,Grambling,31,7,24,.226,-19.30,-8.16,4,14,5,7,2,15,1924,2110,,67.2,91.6,.440,.346,.496,47.6,45.3,10.0,4.9,.457,18.7,26.3,.284
111,Grand Canyon,31,25,6,.806,2.18,-5.16,11,3,16,2,7,4,2381,2128,,70.2,109.0,.426,.287,.549,52.8,56.2,8.7,7.1,.510,15.0,32.4,.300
112,Green Bay,35,23,12,.657,1.50,-1.20,11,7,11,3,8,9,2948,2788,,77.3,107.8,.429,.306,.534,49.0,47.4,12.6,11.1,.501,13.4,31.3,.282
113,Hampton,30,20,10,.667,-8.53,-9.04,13,3,9,2,8,7,2237,2220,,72.2,101.2,.416,.345,.503,53.1,47.4,7.5,9.5,.467,16.1,35.0,.270
114,Hartford,33,10,23,.303,-14.06,-5.47,4,12,4,12,6,11,2336,2588,,70.0,99.3,.325,.473,.531,41.7,52.5,9.4,4.9,.491,15.0,19.0,.243
115,Harvard,30,14,16,.467,-0.91,-0.19,6,8,8,5,4,10,2001,1985,,67.1,99.1,.319,.345,.527,52.1,61.6,7.4,13.5,.512,18.8,30.7,.190
116,Hawaii,31,26,5,.839,8.96,-2.08,13,3,16,3,7,2,2419,2068,,71.6,108.6,.455,.386,.559,53.3,60.1,11.1,10.4,.526,15.8,31.7,.309
117,High Point,31,21,10,.677,0.25,-4.39,13,5,12,3,8,6,2407,2170,,67.8,113.6,.369,.255,.571,50.7,55.5,11.8,8.8,.530,13.7,31.9,.282
118,Hofstra,33,24,9,.727,5.25,0.81,14,4,11,2,9,4,2601,2427,,70.2,109.8,.404,.394,.547,51.5,56.1,8.7,7.7,.514,14.1,31.7,.278
119,Holy Cross,33,14,19,.424,-10.84,-6.51,5,13,8,6,5,13,2156,2299,,64.6,99.2,.361,.404,.516,45.8,62.3,9.8,8.0,.479,14.8,23.6,.250
120,Houston Baptist,33,17,16,.515,-10.18,-5.00,10,8,12,3,4,10,2539,2513,,72.3,106.4,.449,.294,.568,51.2,52.1,7.4,9.5,.529,18.1,30.6,.321
,,Overall,Overall,Overall,Overall,Overall,Overall,Conf.,Conf.,Home,Home,Away,Away,Points,Points,,School Advanced,School Advanced,School Advanced,School Advanced,School Advanced,School Advanced,School Advanced,School Advanced,School Advanced,School Advanced,School Advanced,School Advanced,School Advanced
Rk,School,G,W,L,W-L%,SRS,SOS,W,L,W,L,W,L,Tm.,Opp.,,Pace,ORtg,FTr,3PAr,TS%,TRB%,AST%,STL%,BLK%,eFG%,TOV%,ORB%,FT/FGA
121,Houston,31,22,9,.710,11.16,2.16,12,6,15,3,6,4,2414,2135,,66.4,115.0,.348,.324,.554,51.9,46.1,8.9,10.4,.524,13.1,36.1,.245
122,Howard,32,12,20,.375,-14.12,-8.02,6,10,8,7,2,12,2311,2433,,72.2,98.5,.495,.263,.507,49.4,36.7,8.4,8.1,.445,17.4,33.2,.361
123,Idaho State,31,16,15,.516,-9.57,-6.43,11,7,10,3,5,10,2297,2357,,71.8,103.1,.396,.389,.547,48.1,49.4,10.1,8.0,.506,16.4,25.5,.288
124,Idaho,33,21,12,.636,-4.71,-5.58,12,6,11,4,8,6,2309,2183,,67.3,103.6,.430,.325,.545,55.8,53.1,7.8,9.1,.504,19.0,35.4,.305
125,Illinois-Chicago,30,5,25,.167,-14.47,-0.76,3,15,5,10,0,13,2019,2348,,72.7,91.1,.443,.245,.464,50.5,49.8,7.6,13.0,.425,17.4,32.4,.274
126,Illinois State,32,18,14,.563,3.36,2.55,12,6,13,3,5,8,2149,2114,,67.7,98.8,.320,.385,.508,50.3,53.0,9.4,10.5,.478,16.1,29.7,.214
127,Illinois,34,15,19,.441,4.85,7.49,5,13,7,8,2,8,2452,2542,,68.6,102.6,.305,.383,.537,46.0,53.7,8.3,5.2,.502,13.6,21.5,.227
128,Incarnate Word,29,17,12,.586,-8.90,-5.90,12,6,10,3,7,9,2145,2140,,71.2,103.4,.375,.376,.551,47.7,59.6,9.6,6.8,.505,16.0,22.9,.287
129,Indiana State,32,15,17,.469,0.02,2.18,8,10,10,4,2,11,2170,2222,,70.0,95.7,.420,.380,.496,50.4,47.6,8.1,7.2,.450,16.4,27.5,.291
130,Indiana,32,25,7,.781,19.88,6.51,15,3,17,0,6,4,2633,2205,,68.7,119.2,.333,.409,.610,55.3,54.7,10.1,10.0,.586,16.8,37.6,.241
131,Iona,32,22,10,.688,4.03,-1.91,16,4,11,2,8,6,2547,2357,,72.3,109.7,.325,.442,.567,49.6,60.7,10.4,10.7,.538,15.5,29.4,.232
132,Iowa State,32,21,11,.656,17.63,10.75,10,8,14,2,4,7,2619,2399,,71.6,112.9,.255,.350,.587,49.9,53.0,8.5,10.1,.568,14.4,27.2,.180
133,Iowa,31,21,10,.677,18.11,8.72,12,6,13,2,6,5,2421,2130,,69.3,112.3,.334,.351,.550,50.9,58.0,9.8,12.7,.518,12.9,32.3,.240
134,IPFW,33,24,9,.727,0.70,-1.79,12,4,12,1,10,6,2646,2506,,70.4,113.1,.337,.428,.583,51.5,55.1,7.7,8.4,.555,15.1,28.7,.242
135,IUPUI,32,13,19,.406,-5.61,0.36,9,7,9,2,4,15,2181,2362,,70.0,96.6,.327,.295,.508,49.1,45.2,9.4,6.3,.472,16.7,27.6,.230
136,Jackson State,33,19,14,.576,-8.59,-9.78,12,6,11,2,6,12,2267,2157,,68.6,98.7,.301,.351,.487,51.7,48.9,11.2,10.6,.462,15.0,33.4,.189
137,Jacksonville State,31,8,23,.258,-10.00,-3.69,4,12,5,10,2,12,2100,2234,,66.6,101.3,.316,.396,.509,46.1,52.3,7.6,8.4,.470,13.9,27.6,.232
138,Jacksonville,32,16,16,.500,-9.20,-5.95,8,6,12,3,4,11,2444,2431,,72.3,104.8,.322,.360,.534,50.4,46.4,8.9,7.6,.506,14.2,27.5,.219
139,James Madison,32,21,11,.656,6.53,0.85,11,7,12,6,9,3,2405,2197,,67.9,108.6,.369,.419,.554,52.4,48.9,6.3,9.0,.524,15.0,29.4,.253
140,Kansas State,33,17,16,.515,12.87,10.36,5,13,12,5,2,9,2334,2251,,67.5,102.9,.425,.311,.518,52.5,56.9,11.0,8.0,.476,17.1,37.0,.293
,,Overall,Overall,Overall,Overall,Overall,Overall,Conf.,Conf.,Home,Home,Away,Away,Points,Points,,School Advanced,School Advanced,School Advanced,School Advanced,School Advanced,School Advanced,School Advanced,School Advanced,School Advanced,School Advanced,School Advanced,School Advanced,School Advanced
Rk,School,G,W,L,W-L%,SRS,SOS,W,L,W,L,W,L,Tm.,Opp.,,Pace,ORtg,FTr,3PAr,TS%,TRB%,AST%,STL%,BLK%,eFG%,TOV%,ORB%,FT/FGA
141,Kansas,33,29,4,.879,24.21,11.43,15,3,16,0,7,3,2692,2232,,69.4,115.8,.383,.337,.591,53.7,55.5,9.7,10.7,.565,15.3,32.8,.268
142,Kennesaw State,31,11,20,.355,-8.38,-1.42,7,7,8,6,3,14,2239,2399,,70.5,102.1,.342,.278,.527,47.1,46.6,9.8,8.3,.493,16.2,28.9,.240
143,Kent State,32,19,13,.594,-1.28,-1.22,10,8,13,3,6,8,2361,2317,,68.1,107.5,.398,.301,.531,52.9,44.7,7.7,8.9,.495,14.7,34.6,.272
144,Kentucky,32,24,8,.750,20.38,8.82,13,5,17,0,4,7,2534,2164,,68.2,115.2,.378,.309,.562,54.1,51.1,8.0,13.9,.535,13.8,37.9,.256
145,La Salle,31,9,22,.290,-5.92,4.82,4,14,7,9,1,12,1987,2279,,67.2,95.4,.305,.446,.508,44.9,56.2,10.4,8.2,.480,17.0,25.0,.204
146,Lafayette,30,6,24,.200,-14.76,-5.76,3,15,4,9,2,15,2142,2412,,69.7,99.5,.316,.385,.535,44.5,54.9,7.9,5.8,.505,16.4,22.3,.219
147,Lamar,30,11,19,.367,-14.49,-8.57,3,15,7,9,4,10,2263,2310,,73.7,102.3,.429,.339,.517,51.0,55.1,10.2,10.2,.478,16.8,34.7,.288
148,Lehigh,32,17,15,.531,-4.19,-4.96,13,5,10,5,7,9,2268,2210,,67.2,105.4,.318,.340,.554,50.9,58.9,9.9,9.2,.523,17.0,29.5,.231
149,Liberty,32,13,19,.406,-10.01,-3.32,10,8,8,6,5,9,2070,2188,,64.9,99.7,.264,.471,.559,47.5,56.8,8.6,4.3,.535,19.6,22.0,.189
150,Lipscomb,33,12,21,.364,-8.72,-3.69,7,7,6,9,5,9,2590,2689,,73.8,104.8,.345,.457,.552,48.6,61.8,8.4,8.0,.522,16.5,27.1,.239
151,Long Beach State,33,20,13,.606,4.26,4.48,12,4,11,2,6,9,2451,2397,,70.2,104.6,.378,.378,.534,48.5,59.9,9.3,7.2,.501,14.9,27.8,.258
152,Long Island University,31,16,15,.516,-11.41,-10.64,9,9,8,6,8,9,2362,2386,,73.0,103.1,.413,.320,.524,50.1,53.1,10.4,6.9,.479,15.9,32.2,.296
153,Longwood,33,10,23,.303,-11.05,-4.78,5,13,5,8,4,12,2397,2503,,69.7,103.4,.335,.342,.545,51.6,49.0,8.8,8.3,.513,17.8,30.5,.237
154,Louisiana-Lafayette,30,17,13,.567,2.23,-2.13,12,8,12,2,4,11,2399,2193,,71.9,110.3,.433,.341,.536,55.7,46.0,9.0,8.7,.496,14.7,38.0,.301
155,Louisiana-Monroe,31,19,12,.613,0.13,-1.63,15,5,13,0,6,10,2282,2161,,66.9,107.5,.336,.318,.547,52.0,53.0,8.1,8.8,.516,15.5,32.9,.236
156,Louisiana State,32,19,13,.594,9.97,7.09,11,7,15,3,3,8,2564,2472,,73.0,108.9,.436,.308,.551,50.2,55.8,10.9,7.1,.519,14.2,30.0,.292
157,Louisiana Tech,32,23,9,.719,0.30,-4.33,12,6,16,1,7,7,2541,2307,,72.5,107.4,.421,.354,.549,50.2,50.5,10.1,10.6,.518,14.8,28.9,.281
158,Louisville,31,23,8,.742,21.87,8.03,12,6,18,1,4,7,2324,1895,,66.4,112.9,.318,.290,.546,54.7,48.4,10.8,14.2,.519,14.4,38.5,.220
159,Loyola (IL),32,15,17,.469,-0.76,1.05,7,11,9,7,4,7,2059,2082,,65.5,97.1,.332,.332,.523,46.5,51.2,8.9,8.1,.482,17.1,23.3,.243
160,Loyola Marymount,31,14,17,.452,-3.43,1.08,6,12,8,6,5,10,2208,2319,,68.0,102.7,.282,.352,.512,47.5,60.6,9.8,8.8,.478,14.1,29.6,.204
,,Overall,Overall,Overall,Overall,Overall,Overall,Conf.,Conf.,Home,Home,Away,Away,Points,Points,,School Advanced,School Advanced,School Advanced,School Advanced,School Advanced,School Advanced,School Advanced,School Advanced,School Advanced,School Advanced,School Advanced,School Advanced,School Advanced
Rk,School,G,W,L,W-L%,SRS,SOS,W,L,W,L,W,L,Tm.,Opp.,,Pace,ORtg,FTr,3PAr,TS%,TRB%,AST%,STL%,BLK%,eFG%,TOV%,ORB%,FT/FGA
161,Loyola (MD),30,9,21,.300,-10.52,-4.86,8,10,5,9,4,12,2090,2260,,67.3,100.9,.384,.311,.519,50.1,46.2,7.8,8.9,.477,16.4,31.4,.273
162,Maine,30,8,22,.267,-17.17,-6.27,4,12,5,8,3,14,2279,2606,,77.7,96.5,.320,.353,.518,46.5,52.5,10.5,7.0,.492,18.3,27.9,.210
163,Manhattan,31,13,18,.419,-7.04,-2.69,9,11,8,6,4,11,2133,2268,,69.0,98.5,.398,.391,.545,45.1,61.6,11.0,6.3,.501,18.7,23.5,.295
164,Marist,30,7,23,.233,-11.26,-4.10,4,16,4,10,2,12,2145,2360,,69.0,101.9,.359,.424,.535,45.9,48.4,6.6,7.0,.494,15.5,24.3,.263
165,Marquette,33,20,13,.606,7.60,5.51,8,10,12,7,5,5,2517,2448,,72.3,103.8,.405,.303,.559,50.0,60.3,10.6,10.1,.520,17.9,28.1,.294
166,Marshall,33,17,16,.515,1.04,-0.08,12,6,10,4,5,9,2838,2801,,77.6,110.0,.312,.451,.566,47.9,54.5,8.8,6.8,.542,14.6,26.6,.216
167,Maryland-Baltimore County,32,7,25,.219,-15.15,-6.65,3,13,4,9,3,15,2307,2579,,70.7,101.1,.422,.365,.537,47.1,49.9,9.8,4.9,.501,15.8,24.9,.288
168,Maryland-Eastern Shore,32,10,22,.313,-13.90,-5.84,7,9,7,4,3,17,2178,2399,,68.4,98.3,.378,.356,.538,51.4,53.1,8.5,6.8,.501,20.7,31.4,.268
169,Maryland,32,25,7,.781,17.32,7.81,12,6,16,1,4,6,2449,2123,,67.5,113.0,.371,.374,.599,52.8,52.7,8.5,14.3,.564,17.4,29.9,.281
170,Massachusetts-Lowell,29,11,18,.379,-13.42,-5.99,7,9,6,6,5,12,2221,2401,,74.3,102.3,.326,.387,.564,46.6,53.3,9.4,6.2,.540,18.9,25.0,.223
171,Massachusetts,32,14,18,.438,0.79,3.10,6,12,9,7,3,9,2353,2427,,71.7,100.9,.365,.373,.527,47.9,54.2,8.9,9.1,.491,15.6,25.9,.255
172,McNeese State,29,9,20,.310,-14.92,-6.42,7,11,7,6,2,13,2083,2301,,70.5,99.7,.359,.352,.508,47.3,46.0,8.2,10.2,.469,15.4,28.5,.251
173,Memphis,32,18,14,.563,10.19,3.72,8,10,14,6,2,8,2471,2264,,74.0,103.6,.423,.302,.513,51.6,58.1,10.3,13.5,.464,14.3,33.0,.305
174,Mercer,33,19,14,.576,-2.44,-4.18,8,10,10,3,3,10,2389,2274,,65.6,107.9,.352,.311,.540,56.1,57.8,7.5,8.0,.502,16.0,37.3,.256
175,Miami (FL),32,25,7,.781,19.42,10.61,13,5,15,1,6,5,2420,2138,,66.3,113.7,.400,.341,.579,51.9,49.0,9.1,9.0,.539,14.2,30.2,.300
176,Miami (OH),33,13,20,.394,-5.62,0.04,6,12,10,8,3,11,2089,2249,,65.5,96.6,.363,.327,.500,48.0,46.7,10.1,7.2,.454,16.2,28.2,.264
177,Michigan State,32,27,5,.844,23.92,6.73,13,5,14,2,7,3,2582,2032,,67.2,119.1,.305,.353,.589,58.2,71.7,6.8,13.2,.564,14.8,37.5,.220
178,Michigan,33,22,11,.667,14.71,7.74,10,8,13,4,4,6,2467,2218,,65.8,113.2,.287,.442,.582,49.6,56.7,8.3,6.2,.555,13.4,24.8,.213
179,Middle Tennessee,32,23,9,.719,2.20,-1.97,13,5,11,3,8,6,2344,2201,,69.5,105.0,.364,.355,.540,51.8,50.5,9.0,9.9,.522,15.1,28.8,.224
180,Milwaukee,33,20,13,.606,2.99,-1.91,10,8,9,4,7,6,2618,2391,,68.5,113.6,.373,.437,.577,51.7,64.4,6.5,6.4,.536,13.9,28.0,.287
,,Overall,Overall,Overall,Overall,Overall,Overall,Conf.,Conf.,Home,Home,Away,Away,Points,Points,,School Advanced,School Advanced,School Advanced,School Advanced,School Advanced,School Advanced,School Advanced,School Advanced,School Advanced,School Advanced,School Advanced,School Advanced,School Advanced
Rk,School,G,W,L,W-L%,SRS,SOS,W,L,W,L,W,L,Tm.,Opp.,,Pace,ORtg,FTr,3PAr,TS%,TRB%,AST%,STL%,BLK%,eFG%,TOV%,ORB%,FT/FGA
181,Minnesota,31,8,23,.258,1.32,7.32,2,16,7,10,0,9,2108,2294,,68.4,98.2,.371,.345,.502,47.7,52.3,7.9,9.5,.459,14.6,26.5,.263
182,Mississippi State,31,14,17,.452,8.66,6.50,7,11,10,5,2,9,2323,2256,,70.2,106.4,.295,.362,.547,48.9,50.7,9.2,10.9,.517,15.7,29.7,.214
183,Mississippi Valley State,35,8,27,.229,-19.59,-7.85,6,12,3,6,3,19,2293,2704,,71.3,90.3,.313,.277,.469,45.7,45.2,9.5,6.2,.430,16.2,27.1,.217
184,Mississippi,32,20,12,.625,8.34,5.25,10,8,12,2,7,7,2405,2306,,70.0,106.5,.413,.389,.525,51.3,51.8,10.7,8.9,.481,14.6,34.6,.293
185,Missouri-Kansas City,31,12,19,.387,-6.00,-1.93,4,10,9,4,2,13,2152,2240,,67.7,102.1,.381,.338,.524,50.4,46.9,8.6,9.3,.491,16.9,32.7,.257
186,Missouri State,32,13,19,.406,-3.53,2.57,8,10,8,7,4,8,2153,2321,,69.1,96.6,.392,.293,.499,49.5,51.9,8.9,11.0,.460,16.1,28.2,.265
187,Missouri,31,10,21,.323,2.98,7.36,3,15,10,7,0,11,2126,2262,,69.3,98.9,.396,.325,.515,49.0,49.5,7.9,7.4,.472,16.0,26.8,.281
188,Monmouth,34,27,7,.794,5.96,-1.77,17,3,10,1,13,4,2700,2437,,73.8,106.9,.392,.348,.549,49.8,46.1,11.2,10.0,.501,14.8,28.9,.300
189,Montana State,31,14,17,.452,-6.81,-5.24,9,9,8,3,4,12,2369,2411,,70.1,108.6,.312,.416,.538,51.6,47.2,6.8,5.6,.511,14.7,33.1,.214
190,Montana,31,21,10,.677,-0.43,-4.50,14,4,12,2,7,8,2259,2084,,67.3,107.4,.384,.382,.566,52.3,53.8,7.8,7.4,.536,16.4,28.3,.267
191,Morehead State,31,19,12,.613,0.70,-2.20,11,5,12,2,6,9,2243,2084,,66.5,108.0,.360,.272,.525,54.0,55.2,11.8,7.5,.490,15.8,39.5,.249
192,Morgan State,31,9,22,.290,-12.18,-7.58,6,10,6,6,2,15,2089,2223,,69.1,96.7,.362,.289,.481,47.5,47.5,8.7,5.7,.439,14.6,30.9,.248
193,Mount St. Mary's,33,14,19,.424,-9.54,-7.60,10,8,9,3,5,15,2218,2282,,69.7,95.4,.306,.362,.492,44.0,45.8,10.7,9.5,.458,15.2,25.3,.211
194,Murray State,31,17,14,.548,-1.42,-2.90,10,6,10,4,4,8,2212,2093,,65.6,108.3,.362,.367,.557,51.2,57.8,9.1,6.3,.521,15.7,30.1,.262
195,Navy,33,19,14,.576,-4.71,-6.78,9,9,6,9,11,4,2230,2135,,64.9,102.5,.423,.265,.525,53.5,55.7,8.6,12.5,.495,17.1,33.7,.271
196,Nebraska-Omaha,31,18,13,.581,0.33,-1.81,10,6,9,4,7,8,2617,2499,,75.9,109.9,.410,.290,.564,49.1,48.0,12.2,7.6,.521,14.9,29.1,.305
197,Nebraska,34,16,18,.471,9.21,5.94,6,12,10,8,3,8,2456,2345,,67.0,107.0,.326,.321,.538,51.4,45.0,10.9,9.3,.503,14.9,31.8,.238
198,Nevada-Las Vegas,33,18,15,.545,5.46,3.14,8,10,13,3,2,10,2581,2427,,74.0,103.3,.404,.377,.537,49.8,56.3,10.6,12.4,.503,16.5,29.2,.275
199,Nevada,32,19,13,.594,2.13,2.26,10,8,11,3,5,9,2383,2287,,72.5,100.7,.407,.288,.508,51.2,48.0,9.8,14.6,.457,15.5,31.7,.298
200,New Hampshire,31,19,12,.613,-8.23,-7.12,11,5,11,3,8,9,2203,2164,,68.4,103.0,.364,.338,.515,53.7,48.2,5.8,4.8,.473,14.5,30.8,.262
,,Overall,Overall,Overall,Overall,Overall,Overall,Conf.,Conf.,Home,Home,Away,Away,Points,Points,,School Advanced,School Advanced,School Advanced,School Advanced,School Advanced,School Advanced,School Advanced,School Advanced,School Advanced,School Advanced,School Advanced,School Advanced,School Advanced
Rk,School,G,W,L,W-L%,SRS,SOS,W,L,W,L,W,L,Tm.,Opp.,,Pace,ORtg,FTr,3PAr,TS%,TRB%,AST%,STL%,BLK%,eFG%,TOV%,ORB%,FT/FGA
201,New Mexico State,32,23,9,.719,3.71,-4.05,13,1,15,2,7,7,2314,2030,,67.1,106.2,.370,.281,.545,56.9,54.2,5.9,12.1,.514,17.3,36.1,.252
202,New Mexico,32,17,15,.531,5.18,2.55,10,8,12,4,5,7,2432,2348,,72.2,104.9,.439,.303,.565,52.7,55.7,7.8,11.2,.520,18.7,30.5,.324
203,New Orleans,30,10,20,.333,-13.94,-7.90,6,12,7,5,3,14,2249,2325,,74.0,100.9,.448,.264,.509,50.5,53.5,11.3,7.1,.464,17.2,35.5,.308
204,Niagara,32,7,25,.219,-10.89,-3.49,5,15,5,8,1,14,2067,2304,,67.2,94.6,.340,.323,.489,50.5,47.2,7.5,8.7,.449,18.0,32.8,.237
205,Nicholls State,34,11,23,.324,-16.40,-4.95,6,12,8,4,1,17,2298,2598,,71.6,93.3,.417,.370,.511,46.0,55.0,9.3,11.8,.476,19.4,25.4,.273
206,NJIT,31,17,14,.548,-4.91,-4.91,8,6,9,6,8,8,2339,2310,,70.6,106.0,.346,.424,.555,48.8,60.7,9.3,6.8,.517,15.9,27.8,.257
207,Norfolk State,33,17,16,.515,-6.56,-6.75,12,4,9,2,7,9,2440,2408,,68.9,106.5,.428,.365,.546,49.5,50.6,8.2,14.2,.491,15.7,32.0,.332
208,North Carolina-Asheville,33,22,11,.667,1.68,-3.77,12,6,11,3,6,7,2496,2227,,70.6,106.3,.415,.306,.544,51.5,46.9,13.1,9.0,.507,16.0,31.9,.288
209,North Carolina A&T,32,10,22,.313,-16.45,-8.16,7,9,8,6,2,13,2169,2433,,68.7,96.7,.368,.345,.503,49.1,45.5,7.2,7.4,.460,17.0,30.0,.261
210,North Carolina Central,32,13,19,.406,-12.57,-9.61,7,9,8,5,3,12,2220,2235,,67.7,102.0,.386,.319,.520,51.3,52.1,8.5,4.8,.487,17.2,34.2,.256
211,North Carolina-Greensboro,32,14,18,.438,-5.64,-2.71,10,8,11,4,3,13,2333,2357,,68.5,105.7,.296,.406,.547,49.7,50.5,8.8,7.2,.523,15.4,27.4,.201
212,North Carolina State,33,16,17,.485,10.18,9.39,5,13,11,7,3,8,2482,2456,,68.3,109.3,.389,.298,.524,52.7,44.2,6.6,11.0,.485,13.5,36.3,.272
213,North Carolina-Wilmington,32,25,7,.781,6.44,0.07,14,4,12,2,8,5,2535,2286,,71.3,109.8,.376,.330,.546,50.7,47.7,10.4,11.3,.511,13.7,32.2,.264
214,North Carolina,33,27,6,.818,23.04,10.07,14,4,15,1,6,5,2736,2308,,71.0,116.7,.323,.267,.554,55.9,58.7,9.6,11.5,.520,12.8,40.1,.238
215,North Dakota State,33,20,13,.606,-0.62,-2.68,8,8,12,1,4,11,2271,2129,,65.8,104.2,.337,.343,.533,50.8,42.5,9.1,9.3,.503,14.1,26.9,.230
216,North Dakota,32,17,15,.531,-3.73,-5.11,10,8,10,4,4,9,2388,2277,,72.4,101.9,.393,.288,.540,50.4,49.8,10.7,8.0,.507,16.2,25.0,.268
217,North Florida,33,22,11,.667,-0.88,-4.45,10,4,14,2,7,9,2797,2607,,72.2,117.4,.304,.486,.608,47.1,56.0,7.3,10.5,.586,13.7,25.4,.220
218,North Texas,32,12,20,.375,-9.68,-3.08,7,11,11,7,1,12,2386,2505,,71.9,103.2,.456,.308,.534,49.6,43.6,9.1,7.9,.502,16.7,30.2,.293
219,Northeastern,33,18,15,.545,1.97,1.72,9,9,7,7,8,7,2376,2339,,66.0,105.5,.389,.426,.555,48.9,61.2,9.0,8.5,.518,16.1,26.3,.279
220,Northern Arizona,30,5,25,.167,-18.10,-2.63,3,15,4,9,1,15,2054,2438,,70.9,94.5,.354,.372,.503,45.8,53.2,8.5,5.4,.463,16.1,22.8,.249
,,Overall,Overall,Overall,Overall,Overall,Overall,Conf.,Conf.,Home,Home,Away,Away,Points,Points,,School Advanced,School Advanced,School Advanced,School Advanced,School Advanced,School Advanced,School Advanced,School Advanced,School Advanced,School Advanced,School Advanced,School Advanced,School Advanced
Rk,School,G,W,L,W-L%,SRS,SOS,W,L,W,L,W,L,Tm.,Opp.,,Pace,ORtg,FTr,3PAr,TS%,TRB%,AST%,STL%,BLK%,eFG%,TOV%,ORB%,FT/FGA
221,Northern Colorado,31,10,21,.323,-11.99,-3.78,7,11,7,9,3,10,2292,2482,,69.9,105.7,.421,.316,.553,50.1,41.0,8.2,7.6,.511,17.3,30.0,.306
222,Northern Illinois,33,21,12,.636,-0.06,-1.06,9,9,18,1,3,10,2400,2215,,69.3,104.2,.399,.348,.526,53.0,56.8,10.5,10.6,.490,15.7,33.1,.273
223,Northern Iowa,34,22,12,.647,8.26,3.63,11,7,11,3,6,8,2312,2139,,63.7,106.3,.328,.424,.571,46.9,50.7,8.9,7.7,.537,14.1,17.9,.247
224,Northern Kentucky,30,9,21,.300,-6.72,-0.54,5,13,7,7,2,13,2116,2233,,69.4,100.8,.317,.382,.535,49.1,58.1,6.8,7.6,.507,17.2,27.0,.216
225,Northwestern State,28,8,20,.286,-15.47,-5.39,5,13,6,7,2,13,2224,2413,,75.2,105.6,.369,.342,.561,45.5,56.2,8.3,7.4,.517,17.2,28.7,.283
226,Northwestern,32,20,12,.625,10.56,4.53,8,10,14,4,5,6,2304,2111,,64.3,109.8,.284,.417,.546,51.4,63.0,5.9,10.7,.525,13.6,30.5,.189
227,Notre Dame,32,21,11,.656,14.32,9.19,11,7,14,2,5,5,2423,2259,,65.4,115.3,.332,.345,.568,51.4,49.6,8.5,10.0,.535,12.8,32.5,.244
228,Oakland,32,21,11,.656,5.74,-1.67,13,5,8,4,11,5,2762,2525,,74.8,114.9,.414,.358,.575,52.1,54.3,7.9,8.4,.529,13.5,31.9,.318
229,Ohio State,33,20,13,.606,9.85,7.43,11,7,14,5,4,6,2324,2244,,67.8,102.7,.363,.327,.530,51.3,45.7,8.1,14.4,.500,16.4,30.0,.244
230,Ohio,32,21,11,.656,2.35,-0.91,11,7,14,2,5,6,2508,2383,,70.1,111.4,.379,.384,.585,51.2,52.2,6.1,9.3,.548,15.2,25.9,.284
231,Oklahoma State,32,12,20,.375,8.81,9.43,3,15,8,8,1,9,2128,2148,,65.0,101.2,.383,.366,.527,49.1,53.8,8.5,11.6,.483,16.7,28.8,.279
232,Oklahoma,32,25,7,.781,20.99,11.02,12,6,14,1,7,5,2573,2254,,71.3,111.5,.336,.407,.576,51.6,52.6,9.6,12.7,.545,15.7,30.5,.244
233,Old Dominion,34,22,12,.647,4.25,-2.66,12,6,11,4,7,6,2344,2109,,62.9,108.8,.317,.234,.511,54.3,51.5,9.0,12.1,.480,11.9,36.6,.215
234,Oral Roberts,31,14,17,.452,-2.36,0.92,6,10,8,4,4,12,2356,2384,,71.2,106.4,.365,.282,.551,50.2,46.2,7.3,10.3,.510,15.0,28.0,.273
235,Oregon State,31,19,12,.613,11.02,9.59,9,9,12,3,4,7,2234,2169,,68.4,105.3,.377,.320,.531,48.5,53.2,10.9,9.8,.500,14.5,29.6,.253
236,Oregon,33,27,6,.818,17.29,8.82,14,4,18,0,5,5,2592,2293,,69.9,112.0,.411,.335,.561,52.1,49.8,10.6,15.4,.523,14.4,34.4,.294
237,Pacific,28,8,20,.286,-3.43,2.49,6,12,6,8,2,11,1948,2009,,67.7,101.0,.369,.369,.532,50.6,52.8,6.5,7.3,.500,17.2,29.0,.249
238,Penn State,32,16,16,.500,3.64,7.42,7,11,11,4,3,8,2107,2228,,66.2,98.7,.345,.370,.503,49.0,44.0,7.8,12.5,.466,14.8,28.7,.240
239,Pennsylvania,28,11,17,.393,-6.24,-2.21,5,9,9,6,2,11,1911,2013,,68.3,99.0,.316,.409,.517,49.3,55.6,7.6,6.6,.489,16.9,28.4,.212
240,Pepperdine,31,18,13,.581,2.92,2.02,10,8,10,3,6,7,2277,2208,,68.2,106.1,.409,.248,.531,50.8,54.4,8.3,7.1,.496,14.0,30.5,.277
,,Overall,Overall,Overall,Overall,Overall,Overall,Conf.,Conf.,Home,Home,Away,Away,Points,Points,,School Advanced,School Advanced,School Advanced,School Advanced,School Advanced,School Advanced,School Advanced,School Advanced,School Advanced,School Advanced,School Advanced,School Advanced,School Advanced
Rk,School,G,W,L,W-L%,SRS,SOS,W,L,W,L,W,L,Tm.,Opp.,,Pace,ORtg,FTr,3PAr,TS%,TRB%,AST%,STL%,BLK%,eFG%,TOV%,ORB%,FT/FGA
241,Pittsburgh,32,21,11,.656,15.78,8.72,9,9,15,4,3,6,2433,2173,,66.7,113.2,.363,.309,.555,55.3,62.9,7.4,10.0,.513,14.7,37.5,.274
242,Portland State,31,13,18,.419,-7.94,-5.74,8,10,8,6,4,11,2408,2409,,73.3,106.0,.339,.273,.545,49.2,58.0,11.6,8.9,.521,15.2,29.3,.223
243,Portland,32,12,20,.375,-2.07,0.71,6,12,8,7,3,9,2483,2552,,72.7,106.3,.315,.391,.537,47.9,49.0,8.9,10.4,.503,14.5,30.6,.228
244,Prairie View,31,7,24,.226,-17.11,-6.50,7,11,4,6,3,16,1873,2202,,68.9,87.7,.365,.270,.462,46.1,40.9,11.2,7.6,.417,18.7,30.7,.250
245,Presbyterian,31,11,20,.355,-12.97,-4.58,5,13,7,8,3,11,2093,2259,,69.6,96.6,.353,.288,.514,48.4,46.4,9.5,5.9,.475,17.6,27.4,.251
246,Princeton,28,22,6,.786,7.35,-2.06,12,2,13,0,9,5,2213,1903,,69.4,112.9,.342,.422,.576,52.4,54.3,10.2,8.6,.548,14.3,29.1,.242
247,Providence,33,23,10,.697,11.93,7.68,10,8,13,4,7,4,2441,2301,,69.9,104.6,.377,.369,.524,49.8,63.0,9.4,9.2,.481,14.3,30.9,.274
248,Purdue,32,25,7,.781,20.79,7.23,12,6,17,1,5,5,2505,2071,,67.9,114.8,.351,.361,.574,57.8,64.5,6.2,11.7,.540,15.1,36.0,.259
249,Quinnipiac,30,9,21,.300,-9.93,-4.53,6,14,6,8,3,11,1969,2131,,69.8,92.9,.280,.354,.458,53.5,54.0,6.9,11.8,.428,17.7,38.4,.181
250,Radford,31,16,15,.516,-4.77,-3.04,9,9,8,6,7,7,2266,2248,,67.5,105.7,.287,.349,.529,52.1,48.6,8.5,10.9,.508,16.2,35.4,.187
251,Rhode Island,32,17,15,.531,8.14,3.51,9,9,13,4,3,9,2220,2072,,65.1,105.4,.376,.331,.535,51.9,50.0,8.1,13.5,.504,15.2,30.6,.251
252,Rice,32,12,20,.375,-8.59,-2.49,7,11,9,8,3,11,2427,2576,,71.4,105.8,.430,.398,.560,47.9,51.5,8.9,7.2,.516,16.4,27.0,.319
253,Richmond,32,16,16,.500,7.56,4.85,7,11,9,7,5,7,2450,2363,,68.8,110.0,.353,.365,.568,46.2,59.7,9.4,5.9,.547,13.3,23.2,.233
254,Rider,33,13,20,.394,-4.57,-3.17,8,12,7,6,4,12,2177,2223,,65.6,99.1,.354,.359,.517,49.9,54.1,8.6,10.9,.483,16.8,28.6,.241
255,Robert Morris,32,10,22,.313,-13.23,-7.45,8,10,4,8,5,14,2082,2267,,69.3,93.5,.356,.362,.500,45.4,54.0,11.9,10.8,.466,17.9,26.0,.237
256,Rutgers,32,7,25,.219,-6.66,6.83,1,17,7,11,0,11,2166,2571,,71.2,93.9,.341,.268,.496,45.5,48.0,8.5,8.3,.461,17.0,26.0,.232
257,Sacramento State,31,14,17,.452,-8.40,-5.09,6,12,10,5,3,11,2210,2237,,69.2,102.6,.351,.346,.531,48.5,54.9,8.1,11.3,.501,15.1,27.0,.236
258,Sacred Heart,30,12,18,.400,-12.64,-8.68,11,7,6,5,5,13,2217,2336,,72.0,101.8,.387,.303,.522,50.3,46.2,8.7,6.5,.484,17.0,33.4,.266
259,Saint Francis (PA),30,13,17,.433,-12.21,-8.69,9,9,8,6,5,11,2110,2181,,67.6,103.2,.389,.357,.524,50.7,49.7,6.8,8.4,.485,15.9,32.3,.271
260,Saint Joseph's,32,25,7,.781,11.44,3.79,13,5,12,4,10,2,2469,2224,,70.1,109.6,.372,.360,.545,52.0,55.4,7.3,9.5,.509,12.4,28.7,.266
,,Overall,Overall,Overall,Overall,Overall,Overall,Conf.,Conf.,Home,Home,Away,Away,Points,Points,,School Advanced,School Advanced,School Advanced,School Advanced,School Advanced,School Advanced,School Advanced,School Advanced,School Advanced,School Advanced,School Advanced,School Advanced,School Advanced
Rk,School,G,W,L,W-L%,SRS,SOS,W,L,W,L,W,L,Tm.,Opp.,,Pace,ORtg,FTr,3PAr,TS%,TRB%,AST%,STL%,BLK%,eFG%,TOV%,ORB%,FT/FGA
261,Saint Louis,32,11,21,.344,-2.58,3.64,5,13,7,11,3,8,2106,2305,,69.4,94.1,.378,.352,.517,46.6,58.8,7.8,6.2,.477,17.8,20.7,.266
262,Saint Mary's (CA),32,27,5,.844,14.40,0.79,15,3,18,1,7,3,2397,1951,,62.4,120.1,.295,.398,.609,54.6,61.2,7.8,9.0,.592,13.4,31.1,.206
263,Saint Peter's,30,14,16,.467,-4.60,-3.90,12,8,9,5,5,10,1966,1987,,66.5,97.8,.351,.337,.508,52.1,51.0,8.2,9.3,.477,17.0,30.4,.231
264,Sam Houston State,33,18,15,.545,-5.53,-6.12,12,6,10,4,6,9,2474,2346,,69.9,106.9,.382,.381,.535,52.1,65.1,7.9,5.3,.500,14.2,30.1,.264
265,Samford,33,14,19,.424,-5.48,-4.03,4,14,6,7,5,11,2440,2442,,69.6,104.2,.430,.295,.546,49.7,51.5,9.7,9.7,.503,17.0,30.5,.309
266,San Diego State,33,25,8,.758,11.62,3.85,16,2,13,4,9,2,2252,1981,,66.0,102.6,.446,.336,.518,53.9,46.3,8.5,15.1,.474,16.1,33.7,.306
267,San Diego,30,9,21,.300,-7.61,1.59,4,14,6,7,1,11,1822,2074,,66.5,91.3,.346,.417,.485,47.9,52.1,7.0,10.6,.450,18.0,26.5,.229
268,San Francisco,30,15,15,.500,-2.72,-0.48,8,10,10,7,5,7,2329,2362,,70.8,107.8,.385,.358,.535,51.9,45.9,7.5,7.9,.503,15.0,33.9,.261
269,San Jose State,31,9,22,.290,-5.80,1.34,4,14,7,7,1,13,2186,2290,,71.4,98.3,.393,.387,.517,49.9,59.4,8.4,10.3,.483,17.0,28.3,.259
270,Santa Clara,31,11,20,.355,-4.53,2.00,7,11,7,8,3,9,2083,2272,,66.4,99.2,.340,.388,.515,47.8,53.7,6.4,7.7,.476,14.8,25.4,.244
271,Savannah State,31,16,15,.516,-15.13,-8.65,9,7,12,2,2,12,1933,2092,,68.2,91.1,.403,.381,.496,47.3,49.5,8.9,7.6,.458,19.2,26.4,.263
272,Seattle,30,14,16,.467,-9.24,-4.81,7,7,9,7,3,8,1952,2004,,67.2,96.4,.348,.313,.513,51.8,56.5,9.0,5.0,.482,19.9,33.1,.232
273,Seton Hall,32,24,8,.750,14.56,7.34,12,6,13,3,7,4,2401,2170,,70.7,105.6,.409,.294,.534,52.8,51.8,10.2,11.6,.501,16.6,35.3,.274
274,Siena,33,21,12,.636,2.32,-2.87,13,7,12,2,7,9,2579,2408,,70.8,108.3,.409,.292,.557,55.7,53.0,8.5,11.7,.518,18.7,39.6,.296
275,South Alabama,33,14,19,.424,-7.98,-1.82,8,12,8,6,4,11,2284,2426,,70.3,96.7,.390,.344,.503,49.3,44.6,9.4,10.6,.465,17.7,31.2,.262
276,South Carolina State,32,19,13,.594,-9.47,-8.14,12,4,10,1,6,11,2342,2326,,68.5,106.8,.372,.300,.543,49.3,49.4,6.7,7.5,.504,14.9,29.6,.270
277,South Carolina Upstate,32,10,22,.313,-13.66,-4.27,4,10,7,10,3,12,2315,2495,,69.0,104.0,.308,.334,.528,51.1,56.3,7.9,8.9,.506,17.1,34.7,.197
278,South Carolina,32,24,8,.750,12.69,6.27,11,7,15,2,5,5,2429,2208,,71.7,105.0,.448,.298,.521,54.3,51.7,9.6,12.8,.480,16.2,38.1,.306
279,South Dakota State,33,26,7,.788,5.53,-1.51,12,4,13,0,8,7,2517,2237,,68.8,110.8,.405,.363,.558,53.8,43.7,7.2,6.6,.516,14.8,32.6,.299
280,South Dakota,32,14,18,.438,-5.30,-0.60,5,11,6,6,5,10,2443,2537,,71.7,104.4,.305,.289,.546,47.7,53.9,8.9,9.8,.518,14.8,25.5,.214
,,Overall,Overall,Overall,Overall,Overall,Overall,Conf.,Conf.,Home,Home,Away,Away,Points,Points,,School Advanced,School Advanced,School Advanced,School Advanced,School Advanced,School Advanced,School Advanced,School Advanced,School Advanced,School Advanced,School Advanced,School Advanced,School Advanced
Rk,School,G,W,L,W-L%,SRS,SOS,W,L,W,L,W,L,Tm.,Opp.,,Pace,ORtg,FTr,3PAr,TS%,TRB%,AST%,STL%,BLK%,eFG%,TOV%,ORB%,FT/FGA
281,South Florida,33,8,25,.242,-2.61,5.48,4,14,4,14,3,9,2085,2352,,67.0,94.2,.330,.251,.487,51.6,42.8,6.8,14.2,.454,18.5,34.6,.218
282,Southeast Missouri State,29,5,24,.172,-15.86,-3.23,2,14,3,10,2,14,1944,2252,,71.5,93.4,.358,.300,.486,48.0,51.2,10.5,4.3,.454,16.8,28.6,.229
283,Southeastern Louisiana,33,12,21,.364,-13.33,-7.27,9,9,9,3,2,15,2344,2489,,70.6,100.3,.379,.354,.542,48.9,56.8,9.0,7.6,.519,19.1,29.5,.241
284,Southern California,33,21,12,.636,14.06,7.96,9,9,16,2,3,7,2668,2467,,72.7,109.5,.353,.324,.548,51.1,51.5,8.6,12.7,.520,14.4,32.5,.240
285,SIU Edwardsville,28,6,22,.214,-10.56,-2.38,3,13,3,11,3,11,1839,2068,,68.0,95.7,.369,.326,.492,50.5,47.8,7.2,10.3,.448,16.9,32.4,.260
286,Southern Illinois,32,22,10,.688,2.76,-1.34,11,7,12,4,9,4,2360,2229,,69.9,104.7,.393,.338,.544,52.2,44.8,10.3,5.8,.511,17.0,31.7,.269
287,Southern Methodist,30,25,5,.833,18.72,4.85,13,5,16,1,7,4,2319,1903,,66.0,117.1,.338,.268,.578,57.4,61.5,9.2,13.5,.553,15.7,41.2,.237
288,Southern Mississippi,29,8,21,.276,-10.39,-3.47,5,13,6,9,2,12,1866,2045,,65.0,97.3,.361,.482,.532,47.3,57.7,8.1,7.2,.495,18.2,23.4,.257
289,Southern Utah,30,6,24,.200,-17.10,-3.96,3,15,3,10,3,13,2119,2429,,70.0,100.0,.361,.343,.538,45.9,48.2,8.0,7.5,.502,16.8,23.6,.256
290,Southern,33,21,12,.636,-7.12,-9.02,11,7,12,1,6,10,2425,2294,,69.7,105.4,.375,.298,.532,48.9,41.8,10.8,9.7,.502,14.1,29.3,.250
291,St. Bonaventure,30,22,8,.733,7.25,2.28,14,4,14,2,8,5,2334,2185,,69.2,111.5,.378,.372,.561,49.4,51.9,8.5,11.8,.516,14.4,31.1,.292
292,St. Francis (NY),32,15,17,.469,-10.91,-8.91,11,7,9,5,6,11,2095,2131,,66.9,97.2,.365,.434,.500,50.6,52.1,8.9,12.0,.464,17.6,32.6,.243
293,St. John's (NY),32,8,24,.250,-2.01,7.83,1,17,6,10,0,10,2174,2472,,73.2,92.8,.383,.340,.493,47.5,54.6,8.6,14.3,.461,18.3,27.7,.244
294,Stanford,30,15,15,.500,8.54,10.89,8,10,12,5,2,8,2088,2111,,67.3,102.6,.449,.325,.521,49.4,49.7,10.0,9.2,.478,15.2,30.9,.307
295,Stephen F. Austin,31,26,5,.839,8.11,-6.93,18,0,14,0,9,4,2501,1961,,69.9,115.4,.336,.364,.582,52.6,65.6,12.8,10.4,.552,15.4,34.7,.246
296,Stetson,34,12,22,.353,-10.69,-4.26,4,10,6,8,5,13,2729,2807,,73.4,107.0,.341,.364,.553,47.1,54.0,8.4,5.5,.519,14.6,25.9,.246
297,Stony Brook,31,25,6,.806,4.26,-6.15,14,2,14,1,11,5,2378,1956,,67.6,113.1,.318,.307,.556,55.7,57.6,9.1,12.3,.534,14.4,35.7,.213
298,Syracuse,32,19,13,.594,13.60,9.10,9,9,13,4,3,7,2247,2103,,65.0,106.7,.355,.433,.536,48.9,58.1,12.3,11.7,.505,15.7,33.0,.242
299,Temple,31,21,10,.677,7.91,6.16,14,4,11,3,8,4,2135,2081,,65.9,102.9,.268,.380,.501,49.0,55.0,8.0,7.8,.472,11.7,28.7,.185
300,Tennessee-Martin,33,19,14,.576,-5.67,-4.76,10,6,11,2,7,9,2398,2338,,67.3,106.8,.357,.397,.546,51.6,48.0,8.5,6.1,.511,15.6,31.0,.253
,,Overall,Overall,Overall,Overall,Overall,Overall,Conf.,Conf.,Home,Home,Away,Away,Points,Points,,School Advanced,School Advanced,School Advanced,School Advanced,School Advanced,School Advanced,School Advanced,School Advanced,School Advanced,School Advanced,School Advanced,School Advanced,School Advanced
Rk,School,G,W,L,W-L%,SRS,SOS,W,L,W,L,W,L,Tm.,Opp.,,Pace,ORtg,FTr,3PAr,TS%,TRB%,AST%,STL%,BLK%,eFG%,TOV%,ORB%,FT/FGA
301,Tennessee State,30,20,10,.667,-1.54,-5.32,11,5,11,2,7,7,2200,2056,,69.4,104.8,.421,.293,.542,52.3,41.0,11.0,11.2,.504,16.9,32.4,.293
302,Tennessee Tech,30,19,11,.633,-2.69,-3.73,11,5,14,1,5,9,2357,2265,,70.5,111.0,.446,.422,.579,49.8,56.0,7.4,9.8,.536,15.7,28.2,.331
303,Tennessee,34,15,19,.441,8.23,8.28,6,12,12,4,1,11,2554,2556,,71.0,105.8,.341,.362,.519,48.7,51.6,7.5,11.5,.480,13.6,32.1,.247
304,Texas A&M-Corpus Christi,31,25,6,.806,-2.01,-6.01,15,3,13,1,10,5,2296,2130,,70.2,105.5,.382,.327,.538,49.5,50.6,13.7,13.8,.495,15.6,31.9,.282
305,Texas A&M,32,25,7,.781,18.57,8.41,13,5,17,1,5,5,2433,2108,,68.3,110.8,.380,.368,.546,52.4,64.6,10.3,10.8,.516,14.5,34.9,.256
306,Texas-Arlington,32,23,9,.719,6.27,-2.93,13,7,13,2,9,7,2556,2213,,73.1,107.9,.365,.422,.529,54.9,62.7,9.8,8.2,.494,15.4,36.6,.253
307,Texas Christian,33,12,21,.364,4.73,9.28,2,16,9,9,1,10,2209,2359,,70.0,95.7,.456,.308,.502,48.0,52.0,9.2,10.9,.457,18.0,29.3,.306
308,Texas-El Paso,33,19,14,.576,-3.56,-4.69,10,8,14,4,2,9,2554,2471,,72.7,105.2,.420,.321,.553,48.0,57.1,8.1,9.5,.523,15.4,25.1,.280
309,Texas-Rio Grande Valley,30,8,22,.267,-17.57,-3.94,4,10,7,6,1,13,1993,2330,,69.2,96.0,.304,.370,.509,44.8,64.1,6.9,7.0,.480,16.1,23.6,.204
310,Texas-San Antonio,32,5,27,.156,-16.15,-3.15,3,15,4,10,1,14,2317,2698,,73.1,98.3,.375,.361,.513,47.9,46.0,8.7,7.0,.473,16.3,26.7,.264
311,Texas Southern,32,18,14,.563,-4.55,-7.27,16,2,9,0,7,12,2330,2243,,68.0,107.0,.421,.359,.543,53.7,55.7,6.6,7.3,.519,16.7,35.4,.265
312,Texas State,31,15,16,.484,-5.08,-4.01,8,12,10,4,4,11,2046,1993,,65.1,100.5,.389,.271,.510,50.0,50.3,9.3,9.0,.474,15.7,30.8,.262
313,Texas Tech,31,19,12,.613,13.27,10.72,9,9,14,3,3,7,2244,2165,,66.7,107.3,.431,.304,.548,50.3,53.2,8.7,11.8,.499,15.4,31.7,.321
314,Texas,32,20,12,.625,15.80,12.52,11,7,14,3,5,5,2283,2178,,66.9,105.8,.397,.360,.525,49.0,46.5,7.6,11.5,.493,13.4,30.7,.264
315,Toledo,32,17,15,.531,3.15,-2.17,8,10,9,6,6,8,2482,2286,,70.4,110.2,.348,.384,.566,52.2,60.5,7.4,5.3,.530,14.7,27.9,.260
316,Towson,32,20,12,.625,0.68,-1.49,11,7,12,3,7,6,2286,2137,,66.5,106.6,.444,.303,.517,55.3,46.3,9.3,13.2,.476,15.2,39.2,.301
317,Troy,31,9,22,.290,-8.99,-1.85,4,16,4,10,4,10,2145,2329,,70.1,97.9,.392,.371,.498,48.5,47.2,8.4,7.4,.465,15.0,29.2,.252
318,Tulane,33,12,21,.364,-0.32,3.86,3,15,6,10,2,10,2186,2324,,67.8,95.6,.307,.355,.485,50.1,46.6,9.3,9.9,.452,16.2,31.8,.207
319,Tulsa,31,20,11,.645,10.11,5.79,12,6,12,3,6,5,2294,2160,,68.9,106.5,.399,.366,.538,48.7,53.4,9.8,7.5,.504,13.6,27.9,.271
320,UCLA,32,15,17,.469,10.86,10.08,6,12,11,6,3,7,2480,2455,,71.6,107.0,.323,.273,.533,51.6,54.9,7.5,8.8,.503,14.5,32.8,.223
,,Overall,Overall,Overall,Overall,Overall,Overall,Conf.,Conf.,Home,Home,Away,Away,Points,Points,,School Advanced,School Advanced,School Advanced,School Advanced,School Advanced,School Advanced,School Advanced,School Advanced,School Advanced,School Advanced,School Advanced,School Advanced,School Advanced
Rk,School,G,W,L,W-L%,SRS,SOS,W,L,W,L,W,L,Tm.,Opp.,,Pace,ORtg,FTr,3PAr,TS%,TRB%,AST%,STL%,BLK%,eFG%,TOV%,ORB%,FT/FGA
321,Utah State,31,16,15,.516,2.66,2.04,7,11,10,6,5,8,2274,2217,,68.2,107.6,.336,.391,.551,50.8,56.6,8.1,7.1,.523,15.4,29.7,.232
322,Utah Valley,30,12,18,.400,-9.31,-3.31,6,8,7,7,5,9,2280,2360,,74.8,100.8,.343,.398,.535,47.7,55.4,7.8,7.1,.498,15.9,24.1,.248
323,Utah,33,26,7,.788,17.48,8.79,13,5,16,1,5,5,2582,2263,,67.8,113.6,.388,.376,.588,53.4,57.4,7.9,10.3,.558,15.4,30.1,.276
324,Valparaiso,32,26,6,.813,10.27,-1.36,16,2,14,1,12,4,2425,1991,,68.6,109.5,.360,.379,.547,56.6,53.1,10.0,12.3,.511,15.8,36.1,.261
325,Vanderbilt,32,19,13,.594,18.27,8.86,11,7,14,2,3,9,2456,2155,,69.1,110.2,.395,.381,.566,50.9,56.8,6.2,12.9,.535,14.7,27.4,.276
326,Vermont,33,21,12,.636,-1.35,-4.85,11,5,12,3,8,8,2476,2317,,68.8,109.0,.369,.323,.578,52.0,50.5,8.1,11.4,.550,16.9,28.5,.259
327,Villanova,33,29,4,.879,21.96,8.23,16,2,15,1,10,2,2550,2097,,67.7,113.7,.345,.439,.583,51.4,61.2,10.0,9.8,.544,14.4,28.6,.269
328,Virginia Commonwealth,32,23,9,.719,13.83,3.58,14,4,15,2,7,4,2475,2147,,69.9,109.7,.328,.322,.538,51.9,51.4,12.9,10.0,.509,14.0,33.6,.227
329,VMI,30,9,21,.300,-12.51,-2.69,4,14,8,6,1,14,2081,2264,,69.8,99.0,.281,.442,.519,46.1,45.3,8.7,11.4,.486,16.5,26.0,.203
330,Virginia Tech,33,19,14,.576,10.22,7.73,10,8,13,5,4,6,2461,2379,,69.5,105.7,.497,.294,.546,49.1,49.1,7.6,9.1,.501,16.0,30.0,.348
331,Virginia,32,26,6,.813,22.23,11.08,13,5,15,0,5,6,2265,1908,,61.2,115.1,.334,.277,.581,52.9,56.1,9.0,9.5,.548,13.4,30.1,.252
332,Wagner,32,22,10,.688,-4.42,-10.39,13,5,13,4,9,6,2256,2047,,67.6,103.8,.332,.304,.514,55.3,52.7,10.2,11.7,.477,16.3,38.0,.236
333,Wake Forest,31,11,20,.355,5.87,10.87,2,16,6,9,3,9,2295,2450,,71.9,102.1,.432,.343,.528,50.9,54.7,8.2,10.6,.494,17.4,32.7,.285
334,Washington State,31,9,22,.290,1.00,8.46,1,17,8,9,0,10,2187,2394,,70.3,98.8,.313,.301,.541,48.6,52.0,7.0,10.3,.510,17.8,24.2,.223
335,Washington,32,18,14,.563,12.19,8.60,9,9,12,5,3,6,2668,2553,,77.5,105.5,.406,.339,.526,48.5,51.1,9.7,14.8,.481,15.0,33.1,.294
336,Weber State,33,25,8,.758,0.27,-5.90,15,3,13,1,6,7,2547,2214,,68.9,110.3,.450,.418,.589,53.1,52.0,7.0,7.8,.563,17.1,26.7,.304
337,West Virginia,33,26,7,.788,23.20,9.93,13,5,13,2,7,4,2622,2184,,70.6,111.7,.462,.307,.539,56.1,54.1,13.8,8.4,.503,16.0,42.1,.309
338,Western Carolina,33,16,17,.485,-4.45,-1.05,10,8,12,2,3,14,2405,2411,,70.1,102.0,.383,.367,.529,50.3,49.9,11.2,9.4,.491,17.4,32.2,.269
339,Western Illinois,27,10,17,.370,-5.91,-1.03,3,13,7,6,3,11,1904,1914,,68.8,102.5,.330,.322,.541,50.1,53.4,8.8,8.6,.507,16.0,25.2,.238
340,Western Kentucky,34,18,16,.529,-1.15,-0.75,8,10,12,4,3,9,2620,2586,,68.8,109.9,.390,.326,.561,53.8,50.1,6.3,10.3,.529,16.3,34.6,.273
,,Overall,Overall,Overall,Overall,Overall,Overall,Conf.,Conf.,Home,Home,Away,Away,Points,Points,,School Advanced,School Advanced,School Advanced,School Advanced,School Advanced,School Advanced,School Advanced,School Advanced,School Advanced,School Advanced,School Advanced,School Advanced,School Advanced
Rk,School,G,W,L,W-L%,SRS,SOS,W,L,W,L,W,L,Tm.,Opp.,,Pace,ORtg,FTr,3PAr,TS%,TRB%,AST%,STL%,BLK%,eFG%,TOV%,ORB%,FT/FGA
341,Western Michigan,32,13,19,.406,-1.79,0.35,7,11,10,5,2,12,2342,2352,,68.7,104.1,.441,.312,.531,52.0,48.6,8.1,7.5,.485,15.4,30.7,.314
342,Wichita State,32,24,8,.750,16.69,2.98,16,2,14,1,9,3,2343,1896,,66.0,110.0,.385,.385,.537,53.3,57.4,10.8,11.9,.497,12.8,32.0,.275
343,William & Mary,31,20,11,.645,5.93,1.65,11,7,12,3,7,7,2384,2205,,68.4,111.5,.362,.372,.579,51.5,59.4,8.0,11.7,.549,14.0,25.8,.260
344,Winthrop,32,23,9,.719,-0.99,-5.27,13,5,14,1,7,7,2631,2429,,72.9,112.7,.404,.411,.590,49.1,42.5,7.5,12.7,.552,15.5,26.8,.303
345,Wisconsin,32,20,12,.625,13.55,9.24,12,6,13,5,6,5,2204,2066,,64.2,106.5,.397,.338,.530,52.3,49.4,9.1,8.5,.490,14.6,33.7,.281
346,Wofford,32,15,17,.469,-3.37,-1.97,11,7,11,2,4,14,2296,2295,,66.0,107.4,.374,.384,.565,50.2,61.0,7.6,4.7,.525,15.8,26.7,.281
347,Wright State,35,22,13,.629,0.26,-1.68,13,5,13,2,5,9,2399,2303,,67.4,101.3,.324,.359,.543,47.4,55.8,8.1,6.6,.514,15.3,20.1,.225
348,Wyoming,32,14,18,.438,0.13,2.23,7,11,10,6,4,8,2294,2302,,66.8,106.1,.459,.527,.579,45.6,54.4,6.1,7.3,.541,15.5,17.5,.329
349,Xavier,32,27,5,.844,18.79,8.48,14,4,15,1,8,3,2603,2273,,72.8,111.8,.429,.347,.558,54.9,59.8,10.1,8.7,.515,15.0,35.7,.314
350,Yale,28,22,6,.786,8.65,-2.32,13,1,12,0,9,6,2105,1768,,67.1,111.6,.416,.307,.557,57.9,57.1,8.6,12.7,.528,16.7,39.3,.276
351,Youngstown State,32,11,21,.344,-10.78,-0.78,6,12,6,8,3,11,2437,2682,,74.1,100.7,.306,.348,.526,44.7,53.7,9.1,6.0,.494,14.4,23.1,.218