,,Overall,Overall,Overall,Overall,Overall,Overall,Conf.,Conf.,Home,Home,Away,Away,Points,Points,,Opponent Advanced,Opponent Advanced,Opponent Advanced,Opponent Advanced,Opponent Advanced,Opponent Advanced,Opponent Advanced,Opponent Advanced,Opponent Advanced,Opponent Advanced,Opponent Advanced,Opponent Advanced,Opponent Advanced
Rk,School,G,W,L,W-L%,SRS,SOS,W,L,W,L,W,L,Tm.,Opp.,,Pace,ORtg,FTr,3PAr,TS%,TRB%,AST%,STL%,BLK%,eFG%,TOV%,ORB%,FT/FGA
1,Abilene Christian,31,13,18,.419,-13.69,-7.29,8,10,10,5,2,12,2209,2272,,69.7,104.3,.442,.292,.565,51.0,47.5,7.3,8.6,.527,18.4,25.7,.313
2,Air Force,32,14,18,.438,-5.46,0.70,5,13,12,5,2,13,2189,2330,,69.0,104.0,.366,.462,.544,51.7,59.9,9.4,11.4,.510,17.1,28.5,.259
3,Akron,33,26,7,.788,6.17,-1.42,13,5,15,0,6,7,2558,2245,,69.4,98.0,.322,.329,.493,49.6,46.1,8.4,7.5,.461,14.5,30.9,.214
4,Alabama A&M,29,11,18,.379,-13.21,-10.50,6,12,6,5,4,12,1974,2042,,65.6,105.9,.398,.325,.537,50.6,48.3,8.9,8.1,.507,14.4,29.3,.264
5,Alabama-Birmingham,32,26,6,.813,3.91,-3.45,16,2,16,0,10,3,2527,2226,,69.3,98.8,.296,.350,.501,47.3,50.3,8.8,8.0,.469,15.5,34.7,.205
6,Alabama State,31,14,17,.452,-12.79,-9.03,9,9,8,3,5,12,2217,2308,,69.5,105.4,.440,.326,.547,50.3,50.0,8.5,8.3,.519,16.1,26.2,.286
7,Alabama,32,18,14,.563,7.88,8.85,8,10,10,4,5,7,2139,2170,,66.2,101.7,.398,.345,.502,52.2,48.4,8.6,9.5,.464,15.4,37.4,.266
8,Albany (NY),32,24,8,.750,1.20,-7.70,13,3,14,1,10,7,2405,2086,,67.6,95.7,.268,.395,.506,44.6,50.1,7.8,10.4,.480,17.1,28.9,.179
9,Alcorn State,30,15,15,.500,-15.74,-9.67,13,5,9,2,6,9,2014,2164,,66.4,106.4,.386,.354,.547,49.2,51.3,10.1,8.4,.511,15.4,29.5,.271
10,American,31,12,19,.387,-13.87,-5.78,9,9,5,7,7,12,1785,2036,,61.9,105.3,.401,.302,.545,53.2,49.3,11.6,8.2,.516,16.7,30.7,.267
11,Appalachian State,31,9,22,.290,-7.71,-0.90,7,13,6,7,2,12,2187,2398,,70.8,109.2,.398,.256,.544,50.3,43.6,9.0,10.8,.512,13.8,29.9,.272
12,Arizona State,32,15,17,.469,8.67,9.36,5,13,11,6,3,9,2345,2367,,69.8,105.2,.381,.349,.553,49.6,58.2,8.3,12.9,.520,16.3,24.1,.267
13,Arizona,33,25,8,.758,19.48,7.27,12,6,17,1,5,5,2680,2277,,69.9,96.5,.292,.312,.498,43.5,48.6,7.5,8.2,.463,14.4,28.6,.208
14,Arkansas-Little Rock,31,27,4,.871,6.59,-3.10,17,3,14,0,12,4,2199,1853,,64.6,92.1,.378,.393,.488,49.8,51.5,6.0,7.3,.446,18.7,31.9,.260
15,Arkansas-Pine Bluff,33,8,25,.242,-18.94,-5.15,6,12,3,6,4,17,1867,2322,,65.3,107.4,.537,.327,.544,55.4,59.0,12.5,9.4,.492,17.2,35.1,.381
16,Arkansas State,31,11,20,.355,-7.29,-2.18,7,13,9,6,2,14,2282,2353,,73.0,102.3,.382,.372,.502,50.3,50.4,8.5,7.2,.464,13.3,33.7,.258
17,Arkansas,32,16,16,.500,10.73,7.26,9,9,13,4,3,8,2501,2390,,71.3,102.7,.428,.349,.538,50.0,55.7,7.1,9.7,.498,17.2,28.8,.300
18,Army,32,19,13,.594,-6.69,-7.98,9,9,7,8,11,5,2474,2395,,72.1,101.4,.321,.276,.520,47.8,44.9,9.7,9.0,.492,14.7,26.9,.214
19,Auburn,31,11,20,.355,0.60,7.99,5,13,8,7,2,11,2192,2421,,72.5,107.3,.401,.355,.542,52.8,52.8,8.3,11.9,.505,15.3,30.3,.280
20,Austin Peay,35,18,17,.514,-5.83,-3.47,7,9,7,7,7,9,2661,2660,,70.3,106.5,.306,.394,.556,48.1,52.4,9.8,7.3,.528,16.5,29.5,.215
,,Overall,Overall,Overall,Overall,Overall,Overall,Conf.,Conf.,Home,Home,Away,Away,Points,Points,,Opponent Advanced,Opponent Advanced,Opponent Advanced,Opponent Advanced,Opponent Advanced,Opponent Advanced,Opponent Advanced,Opponent Advanced,Opponent Advanced,Opponent Advanced,Opponent Advanced,Opponent Advanced,Opponent Advanced
Rk,School,G,W,L,W-L%,SRS,SOS,W,L,W,L,W,L,Tm.,Opp.,,Pace,ORtg,FTr,3PAr,TS%,TRB%,AST%,STL%,BLK%,eFG%,TOV%,ORB%,FT/FGA
21,Ball State,32,19,13,.594,0.33,-2.86,10,8,12,6,5,7,2251,2116,,66.3,98.6,.370,.357,.507,48.7,50.3,9.3,6.4,.466,14.9,28.8,.260
22,Baylor,33,22,11,.667,17.03,10.34,10,8,15,5,6,5,2546,2287,,67.6,101.4,.370,.347,.542,44.1,73.3,9.8,9.4,.508,17.8,27.3,.258
23,Belmont,31,20,11,.645,1.31,-2.39,12,4,11,1,8,9,2554,2417,,72.9,106.6,.363,.348,.537,50.6,47.7,9.9,10.8,.499,14.5,35.6,.260
24,Bethune-Cookman,32,14,18,.438,-13.96,-8.79,10,6,9,2,5,13,2258,2330,,68.1,105.6,.336,.349,.522,51.5,57.6,7.8,7.5,.491,15.0,34.6,.230
25,Binghamton,30,8,22,.267,-13.88,-6.15,5,11,5,9,3,13,1827,2059,,67.4,101.4,.344,.362,.528,52.0,54.5,10.4,8.3,.496,16.2,27.5,.238
26,Boise State,32,20,12,.625,7.26,3.16,11,7,14,2,5,7,2480,2246,,70.5,98.8,.358,.379,.544,48.7,49.4,7.4,9.8,.511,18.8,23.9,.250
27,Boston College,32,7,25,.219,-1.41,7.87,0,18,6,11,0,10,1959,2256,,66.9,104.9,.370,.339,.554,54.1,58.7,10.9,10.6,.524,17.1,27.1,.254
28,Boston University,32,18,14,.563,-6.64,-6.45,11,7,9,6,9,8,2342,2315,,69.3,103.3,.344,.365,.524,49.2,54.1,9.0,7.0,.491,14.5,30.7,.237
29,Bowling Green State,34,16,18,.471,-5.65,-1.62,5,13,7,8,7,8,2400,2457,,69.3,104.2,.346,.377,.533,49.4,44.4,8.8,7.6,.502,15.0,29.1,.239
30,Bradley,32,5,27,.156,-10.86,3.76,3,15,4,11,1,12,1793,2238,,67.1,103.4,.517,.325,.536,50.9,53.9,11.4,9.8,.496,15.4,25.9,.344
31,Brigham Young,33,23,10,.697,12.14,1.67,13,5,14,2,6,6,2758,2382,,73.8,97.5,.322,.376,.513,46.7,53.4,7.3,8.4,.475,15.8,24.7,.233
32,Brown,28,8,20,.286,-8.04,-2.82,3,11,7,6,1,13,2040,2155,,70.5,107.3,.357,.355,.534,51.7,53.0,10.8,9.8,.502,14.0,32.9,.245
33,Bryant,31,8,23,.258,-18.24,-6.38,5,13,4,10,4,13,2018,2361,,68.4,110.5,.313,.404,.547,53.7,57.1,10.1,9.6,.514,13.9,33.2,.228
34,Bucknell,30,17,13,.567,-1.69,-5.97,14,4,8,7,9,6,2368,2198,,71.4,100.5,.416,.357,.522,48.2,57.4,9.7,11.4,.487,16.0,30.7,.278
35,Buffalo,33,19,14,.576,1.10,0.50,10,8,10,5,5,9,2573,2494,,72.7,103.1,.380,.356,.532,48.2,50.3,7.6,8.6,.493,15.9,29.2,.271
36,Butler,31,21,10,.677,16.28,6.86,10,8,13,3,5,5,2498,2206,,70.2,101.0,.362,.369,.531,47.4,50.9,6.5,10.7,.494,16.6,27.8,.257
37,Cal Poly,30,10,20,.333,-3.17,1.22,4,12,5,7,3,12,2171,2255,,67.8,109.0,.383,.318,.555,50.2,57.4,7.3,8.8,.522,14.0,24.6,.266
38,Cal State Bakersfield,31,23,8,.742,2.63,-6.05,11,3,14,1,7,7,2280,1968,,68.7,91.7,.422,.345,.494,47.1,48.8,7.6,7.3,.446,19.4,29.1,.293
39,Cal State Fullerton,30,10,20,.333,-6.86,-0.50,3,13,5,8,5,9,2104,2227,,70.0,105.6,.379,.386,.538,49.5,58.0,7.7,10.5,.497,14.3,27.3,.277
40,Cal State Northridge,30,10,20,.333,-6.55,-0.55,5,11,5,7,4,12,2143,2261,,71.3,103.5,.347,.331,.535,51.4,57.8,9.0,8.7,.504,16.6,31.5,.237
,,Overall,Overall,Overall,Overall,Overall,Overall,Conf.,Conf.,Home,Home,Away,Away,Points,Points,,Opponent Advanced,Opponent Advanced,Opponent Advanced,Opponent Advanced,Opponent Advanced,Opponent Advanced,Opponent Advanced,Opponent Advanced,Opponent Advanced,Opponent Advanced,Opponent Advanced,Opponent Advanced,Opponent Advanced
Rk,School,G,W,L,W-L%,SRS,SOS,W,L,W,L,W,L,Tm.,Opp.,,Pace,ORtg,FTr,3PAr,TS%,TRB%,AST%,STL%,BLK%,eFG%,TOV%,ORB%,FT/FGA
41,UC-Davis,30,11,19,.367,-5.28,-0.96,6,10,8,7,3,11,1914,1980,,67.1,96.3,.302,.370,.506,50.6,57.9,10.8,9.0,.471,17.4,29.1,.216
42,UC-Irvine,34,25,9,.735,5.69,1.10,13,3,11,2,10,4,2417,2240,,67.1,97.4,.336,.361,.493,48.3,63.3,7.8,5.9,.448,14.9,32.1,.247
43,UC-Riverside,33,14,19,.424,-5.40,-2.82,5,11,7,9,7,9,2299,2300,,68.7,101.5,.383,.313,.523,49.4,53.8,9.2,10.2,.481,15.3,28.1,.274
44,UC-Santa Barbara,31,18,13,.581,4.50,1.74,11,5,6,5,10,6,2216,2092,,68.5,98.1,.410,.417,.506,48.7,56.1,7.3,7.4,.463,16.0,29.3,.283
45,University of California,33,23,10,.697,16.46,8.37,12,6,18,0,4,7,2479,2212,,68.1,97.3,.372,.265,.485,45.5,47.4,7.4,7.8,.440,12.4,28.5,.262
46,Campbell,30,12,18,.400,-10.68,-6.27,5,13,7,9,5,8,2207,2203,,70.0,104.5,.380,.315,.546,53.4,45.6,8.5,7.6,.516,16.9,30.3,.257
47,Canisius,33,14,19,.424,-5.21,-3.36,8,12,7,7,4,11,2526,2587,,68.8,110.9,.390,.384,.583,52.4,59.0,7.5,9.7,.549,17.2,27.8,.283
48,Central Arkansas,28,7,21,.250,-14.92,-6.56,6,12,4,6,2,14,2110,2344,,73.7,113.6,.387,.357,.573,49.6,54.6,9.5,9.8,.538,13.8,28.7,.279
49,Central Connecticut State,29,4,25,.138,-22.04,-8.93,3,15,3,11,1,14,1888,2268,,68.8,112.2,.305,.327,.558,51.2,52.7,10.1,9.3,.534,12.9,27.5,.211
50,Central Florida,30,12,18,.400,0.46,3.29,6,12,8,8,4,9,2062,2147,,68.3,103.9,.250,.349,.498,48.3,55.1,10.8,9.1,.471,11.5,34.9,.172
51,Central Michigan,32,17,15,.531,-0.13,-0.89,10,8,13,3,4,8,2422,2325,,67.3,107.5,.337,.342,.534,51.6,48.7,6.3,7.9,.502,13.8,31.1,.234
52,Charleston Southern,30,9,21,.300,-10.51,-2.18,5,13,6,8,3,12,2146,2253,,70.0,106.4,.365,.385,.562,51.1,52.4,8.2,11.8,.529,15.9,23.4,.261
53,Charlotte,33,14,19,.424,-2.94,-1.52,9,9,8,7,5,8,2584,2631,,72.1,108.9,.309,.337,.575,50.1,45.6,7.8,8.5,.548,16.3,25.0,.223
54,Chattanooga,34,29,5,.853,3.99,-3.70,15,3,13,1,10,4,2578,2265,,68.0,97.3,.296,.363,.520,47.5,50.5,9.3,10.7,.493,18.3,29.6,.200
55,Chicago State,32,4,28,.125,-17.27,-1.13,0,14,4,9,0,15,2140,2478,,72.0,107.6,.432,.419,.565,52.3,66.8,9.3,10.7,.533,17.8,27.4,.294
56,Cincinnati,32,22,10,.688,15.62,5.31,12,6,14,3,6,6,2342,2012,,65.7,93.2,.269,.350,.482,46.8,50.8,7.6,8.6,.453,17.5,31.2,.182
57,Citadel,32,10,22,.313,-15.53,-4.33,3,15,6,8,3,13,2753,2962,,81.2,113.6,.439,.313,.598,55.6,52.4,8.4,11.6,.568,18.0,28.9,.308
58,Clemson,31,17,14,.548,12.29,7.13,10,8,13,4,3,8,2159,1999,,63.7,100.5,.285,.340,.510,49.8,51.9,7.9,8.4,.479,15.5,31.0,.202
59,Cleveland State,32,9,23,.281,-9.06,0.20,4,14,5,9,3,10,1947,2169,,65.9,102.4,.452,.353,.537,51.4,59.1,9.6,8.4,.504,17.8,29.9,.297
60,Coastal Carolina,29,18,11,.621,-1.59,-4.32,12,6,11,3,7,5,2167,1953,,68.2,98.2,.316,.417,.491,47.3,49.7,8.7,7.6,.461,13.9,32.4,.206
,,Overall,Overall,Overall,Overall,Overall,Overall,Conf.,Conf.,Home,Home,Away,Away,Points,Points,,Opponent Advanced,Opponent Advanced,Opponent Advanced,Opponent Advanced,Opponent Advanced,Opponent Advanced,Opponent Advanced,Opponent Advanced,Opponent Advanced,Opponent Advanced,Opponent Advanced,Opponent Advanced,Opponent Advanced
Rk,School,G,W,L,W-L%,SRS,SOS,W,L,W,L,W,L,Tm.,Opp.,,Pace,ORtg,FTr,3PAr,TS%,TRB%,AST%,STL%,BLK%,eFG%,TOV%,ORB%,FT/FGA
61,Colgate,30,13,17,.433,-8.37,-5.82,9,9,8,4,5,13,2093,2145,,65.3,107.6,.415,.372,.560,52.3,52.3,8.3,11.3,.528,17.0,29.5,.285
62,College of Charleston,31,17,14,.548,2.78,0.45,8,10,10,5,6,8,2028,1921,,65.1,94.4,.426,.346,.516,49.2,47.5,8.1,9.2,.480,19.3,24.4,.280
63,Colorado State,34,18,16,.529,2.28,1.50,8,10,12,5,3,8,2700,2626,,69.3,108.2,.345,.395,.554,46.4,51.2,8.5,8.8,.520,13.2,23.2,.249
64,Colorado,33,22,11,.667,12.64,7.89,10,8,16,1,4,7,2509,2333,,70.8,99.1,.350,.292,.505,44.1,42.1,10.5,10.8,.471,13.6,25.5,.237
65,Columbia,31,21,10,.677,2.37,-2.56,10,4,14,4,7,6,2362,2146,,66.8,102.4,.360,.391,.543,48.6,53.8,6.7,9.9,.511,17.1,26.3,.250
66,Connecticut,32,22,10,.688,15.76,5.70,11,7,14,3,6,4,2347,2025,,66.1,94.2,.347,.372,.480,48.6,53.0,7.8,9.4,.444,15.8,33.9,.230
67,Coppin State,31,9,22,.290,-15.29,-5.60,6,10,5,7,3,14,2240,2497,,71.3,109.4,.427,.322,.555,52.9,52.3,7.7,10.1,.530,16.2,30.9,.274
68,Cornell,28,10,18,.357,-9.56,-1.04,3,11,5,8,5,10,1992,2193,,72.6,106.9,.349,.356,.546,56.8,59.9,7.6,10.7,.508,17.0,34.5,.257
69,Creighton,32,18,14,.563,13.07,6.54,9,9,12,5,4,8,2546,2337,,72.1,101.2,.333,.330,.528,49.2,50.8,8.5,8.4,.497,15.6,27.7,.230
70,Dartmouth,28,10,18,.357,-5.55,-3.26,4,10,8,6,2,12,1992,1989,,69.1,101.9,.422,.406,.550,48.2,53.4,9.7,11.6,.521,18.6,27.1,.280
71,Davidson,31,20,11,.645,6.49,4.79,10,8,15,1,3,9,2480,2416,,71.4,108.8,.298,.356,.546,52.6,49.0,7.8,9.5,.520,14.1,30.6,.208
72,Dayton,31,25,6,.806,12.26,4.55,14,4,14,3,8,2,2263,2024,,68.3,94.4,.322,.364,.496,46.0,54.8,7.0,8.2,.467,15.9,26.1,.209
73,Delaware State,32,7,25,.219,-20.49,-6.46,5,11,6,7,1,17,1980,2336,,67.2,107.8,.406,.422,.538,55.2,60.4,8.7,9.0,.502,16.5,35.8,.278
74,Delaware,30,7,23,.233,-8.40,1.06,2,16,5,7,2,15,1986,2270,,67.4,111.8,.319,.472,.548,49.3,62.4,9.3,10.5,.518,11.8,27.8,.226
75,Denver,31,16,15,.516,-3.07,-2.97,7,9,8,7,6,6,2021,2024,,62.6,104.3,.434,.352,.567,54.8,54.6,9.1,10.4,.519,20.0,33.0,.329
76,DePaul,31,9,22,.290,0.69,8.21,3,15,5,9,3,10,2092,2325,,68.4,109.2,.448,.395,.560,49.4,61.6,9.7,8.2,.514,15.5,30.7,.331
77,Detroit Mercy,31,16,15,.516,-2.33,-0.71,9,9,11,4,4,10,2595,2567,,75.7,109.0,.454,.364,.565,48.6,51.9,8.3,9.8,.525,15.6,28.7,.323
78,Drake,31,7,24,.226,-5.16,0.91,2,16,5,9,0,12,2093,2230,,65.9,107.8,.301,.329,.540,49.7,46.0,9.1,12.0,.513,12.9,30.1,.210
79,Drexel,31,6,25,.194,-5.08,2.22,3,15,3,9,2,12,1958,2183,,65.6,107.0,.474,.325,.557,52.0,51.8,7.8,9.1,.520,15.9,24.9,.325
80,Duke,33,23,10,.697,20.14,10.74,11,7,15,3,5,4,2688,2378,,68.3,104.8,.254,.290,.519,50.1,52.5,6.6,9.6,.494,14.9,35.2,.174
,,Overall,Overall,Overall,Overall,Overall,Overall,Conf.,Conf.,Home,Home,Away,Away,Points,Points,,Opponent Advanced,Opponent Advanced,Opponent Advanced,Opponent Advanced,Opponent Advanced,Opponent Advanced,Opponent Advanced,Opponent Advanced,Opponent Advanced,Opponent Advanced,Opponent Advanced,Opponent Advanced,Opponent Advanced
Rk,School,G,W,L,W-L%,SRS,SOS,W,L,W,L,W,L,Tm.,Opp.,,Pace,ORtg,FTr,3PAr,TS%,TRB%,AST%,STL%,BLK%,eFG%,TOV%,ORB%,FT/FGA
81,Duquesne,32,16,16,.500,1.77,1.65,6,12,9,6,4,7,2512,2483,,73.3,105.1,.368,.382,.528,49.0,65.5,8.3,8.8,.492,13.9,30.4,.256
82,East Carolina,32,12,20,.375,-0.09,3.51,4,14,8,8,3,10,2186,2301,,67.0,105.2,.267,.394,.534,51.5,63.2,9.3,10.5,.512,15.8,33.3,.180
83,East Tennessee State,34,23,11,.676,-0.87,-2.27,14,4,13,2,8,8,2644,2500,,70.2,103.6,.395,.372,.536,50.2,45.9,8.7,8.7,.494,16.3,31.1,.285
84,Eastern Illinois,30,13,17,.433,-8.12,-3.30,9,7,9,5,4,9,2145,2213,,68.3,106.2,.387,.368,.543,53.7,54.7,8.8,7.2,.506,16.9,33.2,.272
85,Eastern Kentucky,31,15,16,.484,-3.26,-3.59,6,10,10,6,5,10,2497,2453,,73.4,107.9,.416,.368,.565,52.3,61.4,9.1,7.4,.531,17.9,36.4,.291
86,Eastern Michigan,33,18,15,.545,0.17,1.55,9,9,14,3,4,11,2553,2460,,72.4,102.1,.398,.404,.529,51.4,58.6,8.3,7.9,.491,18.7,36.5,.275
87,Eastern Washington,32,17,15,.531,-4.39,-6.33,10,8,10,2,5,11,2620,2460,,70.5,109.1,.384,.267,.566,50.4,51.3,8.2,9.9,.536,15.1,27.8,.267
88,Elon,32,16,16,.500,-0.31,1.03,7,11,8,8,8,7,2429,2413,,71.7,104.8,.322,.306,.528,50.7,44.8,8.9,12.1,.502,14.3,29.7,.215
89,Evansville,34,25,9,.735,8.09,-0.40,12,6,13,3,8,4,2526,2221,,68.9,94.1,.296,.324,.496,47.8,51.1,8.2,8.9,.457,16.4,30.0,.218
90,Fairfield,32,19,13,.594,-2.91,-2.66,12,8,11,4,7,7,2460,2468,,72.2,104.8,.342,.360,.527,53.8,50.2,8.1,7.5,.495,16.1,37.2,.235
91,Fairleigh Dickinson,32,18,14,.563,-9.94,-8.26,11,7,9,6,9,8,2493,2504,,72.2,107.1,.463,.366,.557,53.4,55.2,8.7,8.6,.517,18.1,35.0,.324
92,Florida A&M,29,8,21,.276,-21.38,-10.30,4,12,6,6,1,14,1863,2128,,70.8,101.0,.381,.347,.533,53.1,45.4,10.5,8.0,.499,18.0,29.1,.261
93,Florida Atlantic,33,8,25,.242,-10.11,-1.53,5,13,5,7,2,14,2189,2445,,68.5,107.8,.371,.251,.539,54.4,47.4,8.7,12.1,.502,14.4,31.4,.263
94,Florida Gulf Coast,33,20,13,.606,-1.65,-4.37,8,6,16,4,4,8,2540,2325,,69.4,98.9,.340,.362,.504,46.7,46.9,9.2,6.7,.469,15.1,30.3,.233
95,Florida International,32,13,19,.406,-5.10,-4.66,7,11,7,9,5,8,2277,2242,,66.8,103.3,.350,.384,.506,48.2,53.0,8.8,8.0,.470,12.7,34.1,.239
96,Florida State,32,19,13,.594,12.70,8.39,8,10,10,4,4,7,2499,2361,,71.7,102.5,.370,.367,.539,47.7,50.2,7.5,7.6,.507,16.7,29.3,.252
97,Florida,33,19,14,.576,14.98,9.95,9,9,12,4,4,8,2429,2263,,70.0,97.6,.364,.315,.500,48.7,48.4,7.7,9.5,.464,16.0,28.3,.245
98,Fordham,30,17,13,.567,2.51,0.38,8,10,14,4,3,7,2140,2059,,68.2,99.4,.407,.390,.550,48.6,63.3,9.5,8.5,.513,20.1,25.4,.287
99,Fresno State,33,24,9,.727,4.92,1.50,13,5,16,2,6,7,2493,2332,,70.2,99.1,.451,.401,.527,49.0,53.0,6.1,7.1,.484,18.5,27.3,.312
100,Furman,33,18,15,.545,-2.38,-4.06,11,7,13,1,3,12,2357,2196,,66.2,100.5,.368,.369,.530,46.9,49.4,9.4,9.0,.499,17.0,28.3,.248
,,Overall,Overall,Overall,Overall,Overall,Overall,Conf.,Conf.,Home,Home,Away,Away,Points,Points,,Opponent Advanced,Opponent Advanced,Opponent Advanced,Opponent Advanced,Opponent Advanced,Opponent Advanced,Opponent Advanced,Opponent Advanced,Opponent Advanced,Opponent Advanced,Opponent Advanced,Opponent Advanced,Opponent Advanced
Rk,School,G,W,L,W-L%,SRS,SOS,W,L,W,L,W,L,Tm.,Opp.,,Pace,ORtg,FTr,3PAr,TS%,TRB%,AST%,STL%,BLK%,eFG%,TOV%,ORB%,FT/FGA
101,Gardner-Webb,33,17,16,.515,-6.48,-3.51,10,8,9,4,5,11,2476,2451,,70.9,103.5,.393,.367,.547,49.2,51.3,9.0,8.4,.509,17.3,26.1,.281
102,George Mason,32,11,21,.344,-1.59,3.82,5,13,7,8,2,11,2140,2313,,67.6,106.1,.300,.348,.517,44.9,49.1,8.0,9.5,.484,9.1,22.2,.214
103,George Washington,33,23,10,.697,10.23,3.71,11,7,14,3,7,5,2483,2268,,67.4,101.2,.279,.352,.523,46.1,46.4,8.7,9.3,.493,15.3,27.2,.197
104,Georgetown,33,15,18,.455,10.15,8.33,7,11,9,8,4,8,2430,2370,,69.1,102.8,.493,.310,.522,49.2,53.8,8.9,8.3,.466,14.2,30.8,.356
105,Georgia Southern,31,14,17,.452,-5.41,-2.89,10,10,10,4,4,12,2353,2307,,71.2,103.6,.436,.404,.542,52.1,49.2,6.6,11.9,.503,18.1,30.4,.302
106,Georgia State,30,16,14,.533,-2.63,-2.02,9,11,12,3,4,10,1971,1950,,65.1,98.2,.414,.410,.523,53.1,58.5,8.0,7.9,.475,18.7,31.2,.301
107,Georgia Tech,33,19,14,.576,12.22,10.04,8,10,13,5,4,7,2417,2345,,67.1,105.5,.321,.308,.526,44.9,47.5,6.9,6.3,.492,12.9,27.6,.230
108,Georgia,31,19,12,.613,10.15,8.60,10,8,14,4,3,8,2163,2115,,68.2,99.2,.412,.388,.490,47.7,50.1,9.2,10.1,.443,13.6,32.4,.286
109,Gonzaga,33,26,7,.788,16.27,3.52,15,3,11,4,9,2,2630,2186,,68.1,96.9,.284,.334,.484,44.9,43.3,8.2,7.6,.449,13.0,30.7,.200
110,Grambling,31,7,24,.226,-19.30,-8.16,4,14,5,7,2,15,1924,2110,,67.2,100.4,.403,.371,.527,52.4,55.0,9.7,10.6,.493,17.7,30.6,.268
111,Grand Canyon,31,25,6,.806,2.18,-5.16,11,3,16,2,7,4,2381,2128,,70.2,97.4,.353,.367,.514,47.2,46.0,8.7,8.8,.483,17.0,27.5,.236
112,Green Bay,35,23,12,.657,1.50,-1.20,11,7,11,3,8,9,2948,2788,,77.3,102.0,.354,.339,.543,51.0,50.5,7.4,10.1,.508,18.8,29.2,.253
113,Hampton,30,20,10,.667,-8.53,-9.04,13,3,9,2,8,7,2237,2220,,72.2,100.4,.372,.328,.520,46.9,41.0,8.0,9.9,.477,15.3,25.6,.270
114,Hartford,33,10,23,.303,-14.06,-5.47,4,12,4,12,6,11,2336,2588,,70.0,110.0,.408,.345,.557,58.3,54.9,7.4,10.9,.531,16.0,34.5,.267
115,Harvard,30,14,16,.467,-0.91,-0.19,6,8,8,5,4,10,2001,1985,,67.1,98.3,.327,.354,.499,47.9,52.1,10.7,7.0,.460,15.0,29.6,.233
116,Hawaii,31,26,5,.839,8.96,-2.08,13,3,16,3,7,2,2419,2068,,71.6,92.8,.389,.349,.500,46.7,48.5,8.4,7.4,.454,18.3,28.3,.275
117,High Point,31,21,10,.677,0.25,-4.39,13,5,12,3,8,6,2407,2170,,67.8,102.4,.330,.382,.545,49.3,46.1,7.7,7.5,.514,18.8,31.9,.232
118,Hofstra,33,24,9,.727,5.25,0.81,14,4,11,2,9,4,2601,2427,,70.2,102.5,.235,.340,.516,48.5,51.6,7.4,9.8,.495,14.3,30.5,.157
119,Holy Cross,33,14,19,.424,-10.84,-6.51,5,13,8,6,5,13,2156,2299,,64.6,105.8,.338,.412,.564,54.2,59.3,8.4,9.4,.532,17.7,26.8,.244
120,Houston Baptist,33,17,16,.515,-10.18,-5.00,10,8,12,3,4,10,2539,2513,,72.3,105.3,.348,.323,.532,48.8,55.8,9.5,9.2,.493,14.9,34.4,.252
,,Overall,Overall,Overall,Overall,Overall,Overall,Conf.,Conf.,Home,Home,Away,Away,Points,Points,,Opponent Advanced,Opponent Advanced,Opponent Advanced,Opponent Advanced,Opponent Advanced,Opponent Advanced,Opponent Advanced,Opponent Advanced,Opponent Advanced,Opponent Advanced,Opponent Advanced,Opponent Advanced,Opponent Advanced
Rk,School,G,W,L,W-L%,SRS,SOS,W,L,W,L,W,L,Tm.,Opp.,,Pace,ORtg,FTr,3PAr,TS%,TRB%,AST%,STL%,BLK%,eFG%,TOV%,ORB%,FT/FGA
121,Houston,31,22,9,.710,11.16,2.16,12,6,15,3,6,4,2414,2135,,66.4,101.7,.367,.351,.510,48.1,48.5,7.6,8.6,.469,15.7,34.3,.258
122,Howard,32,12,20,.375,-14.12,-8.02,6,10,8,7,2,12,2311,2433,,72.2,103.7,.373,.365,.521,50.6,49.9,7.7,8.2,.487,16.2,36.0,.254
123,Idaho State,31,16,15,.516,-9.57,-6.43,11,7,10,3,5,10,2297,2357,,71.8,105.8,.349,.397,.544,51.9,53.0,8.4,10.2,.514,15.7,30.0,.240
124,Idaho,33,21,12,.636,-4.71,-5.58,12,6,11,4,8,6,2309,2183,,67.3,98.0,.399,.448,.523,44.2,55.4,10.9,8.4,.488,17.0,26.3,.269
125,Illinois-Chicago,30,5,25,.167,-14.47,-0.76,3,15,5,10,0,13,2019,2348,,72.7,106.0,.387,.337,.528,49.5,60.9,9.8,11.4,.487,13.8,29.0,.274
126,Illinois State,32,18,14,.563,3.36,2.55,12,6,13,3,5,8,2149,2114,,67.7,97.2,.372,.369,.515,49.7,53.3,8.8,8.2,.480,17.7,26.9,.252
127,Illinois,34,15,19,.441,4.85,7.49,5,13,7,8,2,8,2452,2542,,68.6,106.3,.265,.384,.561,54.0,54.1,7.1,10.1,.536,16.9,26.7,.191
128,Incarnate Word,29,17,12,.586,-8.90,-5.90,12,6,10,3,7,9,2145,2140,,71.2,103.1,.359,.342,.544,52.3,54.5,8.9,11.2,.520,16.7,28.7,.235
129,Indiana State,32,15,17,.469,0.02,2.18,8,10,10,4,2,11,2170,2222,,70.0,98.0,.435,.331,.514,49.6,47.1,8.6,9.4,.469,15.8,23.9,.301
130,Indiana,32,25,7,.781,19.88,6.51,15,3,17,0,6,4,2633,2205,,68.7,99.9,.293,.314,.521,44.7,47.0,8.8,8.8,.495,16.6,32.0,.195
131,Iona,32,22,10,.688,4.03,-1.91,16,4,11,2,8,6,2547,2357,,72.3,101.5,.362,.361,.521,50.4,53.4,7.9,8.5,.485,16.8,33.2,.252
132,Iowa State,32,21,11,.656,17.63,10.75,10,8,14,2,4,7,2619,2399,,71.6,103.4,.242,.357,.518,50.1,50.1,7.7,7.0,.495,14.7,35.8,.166
133,Iowa,31,21,10,.677,18.11,8.72,12,6,13,2,6,5,2421,2130,,69.3,98.8,.252,.387,.500,49.1,53.2,7.7,7.5,.474,16.1,32.8,.171
134,IPFW,33,24,9,.727,0.70,-1.79,12,4,12,1,10,6,2646,2506,,70.4,107.1,.305,.354,.551,48.5,46.6,8.2,8.6,.526,14.2,26.4,.210
135,IUPUI,32,13,19,.406,-5.61,0.36,9,7,9,2,4,15,2181,2362,,70.0,104.7,.380,.301,.545,50.9,45.4,10.6,10.8,.510,15.9,26.7,.267
136,Jackson State,33,19,14,.576,-8.59,-9.78,12,6,11,2,6,12,2267,2157,,68.6,93.9,.484,.354,.498,48.3,50.3,8.6,9.6,.445,18.3,25.1,.335
137,Jacksonville State,31,8,23,.258,-10.00,-3.69,4,12,5,10,2,12,2100,2234,,66.6,107.8,.419,.322,.553,53.9,48.7,6.7,7.9,.518,16.2,29.5,.290
138,Jacksonville,32,16,16,.500,-9.20,-5.95,8,6,12,3,4,11,2444,2431,,72.3,104.2,.328,.421,.545,49.6,52.9,6.7,8.0,.521,15.7,24.7,.217
139,James Madison,32,21,11,.656,6.53,0.85,11,7,12,6,9,3,2405,2197,,67.9,99.2,.365,.424,.500,47.6,52.0,8.2,7.0,.458,13.7,29.2,.257
140,Kansas State,33,17,16,.515,12.87,10.36,5,13,12,5,2,9,2334,2251,,67.5,99.2,.404,.363,.528,47.5,57.7,10.0,10.4,.490,18.3,29.1,.278
,,Overall,Overall,Overall,Overall,Overall,Overall,Conf.,Conf.,Home,Home,Away,Away,Points,Points,,Opponent Advanced,Opponent Advanced,Opponent Advanced,Opponent Advanced,Opponent Advanced,Opponent Advanced,Opponent Advanced,Opponent Advanced,Opponent Advanced,Opponent Advanced,Opponent Advanced,Opponent Advanced,Opponent Advanced
Rk,School,G,W,L,W-L%,SRS,SOS,W,L,W,L,W,L,Tm.,Opp.,,Pace,ORtg,FTr,3PAr,TS%,TRB%,AST%,STL%,BLK%,eFG%,TOV%,ORB%,FT/FGA
141,Kansas,33,29,4,.879,24.21,11.43,15,3,16,0,7,3,2692,2232,,69.4,96.0,.369,.330,.496,46.3,48.2,8.6,8.8,.451,16.3,32.8,.266
142,Kennesaw State,31,11,20,.355,-8.38,-1.42,7,7,8,6,3,14,2239,2399,,70.5,109.4,.373,.351,.556,52.9,48.4,9.5,7.7,.526,15.7,34.0,.256
143,Kent State,32,19,13,.594,-1.28,-1.22,10,8,13,3,6,8,2361,2317,,68.1,105.5,.346,.351,.545,47.1,53.8,7.8,7.0,.507,15.1,26.3,.256
144,Kentucky,32,24,8,.750,20.38,8.82,13,5,17,0,4,7,2534,2164,,68.2,98.4,.417,.295,.493,45.9,40.2,6.2,7.2,.445,15.1,34.1,.292
145,La Salle,31,9,22,.290,-5.92,4.82,4,14,7,9,1,12,1987,2279,,67.2,109.5,.348,.358,.559,55.1,58.1,8.6,12.8,.525,16.7,32.3,.252
146,Lafayette,30,6,24,.200,-14.76,-5.76,3,15,4,9,2,15,2142,2412,,69.7,112.1,.351,.364,.562,55.5,52.8,8.7,10.2,.529,14.4,32.3,.254
147,Lamar,30,11,19,.367,-14.49,-8.57,3,15,7,9,4,10,2263,2310,,73.7,104.4,.460,.346,.546,49.0,60.5,9.1,8.4,.504,17.4,28.9,.323
148,Lehigh,32,17,15,.531,-4.19,-4.96,13,5,10,5,7,9,2268,2210,,67.2,102.7,.281,.386,.534,49.1,59.7,8.9,9.8,.505,16.3,30.8,.201
149,Liberty,32,13,19,.406,-10.01,-3.32,10,8,8,6,5,9,2070,2188,,64.9,105.3,.423,.368,.556,52.5,53.4,10.5,7.7,.522,16.7,29.0,.293
150,Lipscomb,33,12,21,.364,-8.72,-3.69,7,7,6,9,5,9,2590,2689,,73.8,108.8,.357,.401,.559,51.4,57.2,9.0,11.4,.522,15.6,30.3,.263
151,Long Beach State,33,20,13,.606,4.26,4.48,12,4,11,2,6,9,2451,2397,,70.2,102.3,.378,.374,.535,51.5,55.8,7.6,10.2,.504,17.3,28.8,.254
152,Long Island University,31,16,15,.516,-11.41,-10.64,9,9,8,6,8,9,2362,2386,,73.0,104.2,.380,.316,.544,49.9,55.1,7.9,8.2,.509,17.2,29.7,.267
153,Longwood,33,10,23,.303,-11.05,-4.78,5,13,5,8,4,12,2397,2503,,69.7,107.9,.352,.429,.560,48.4,57.1,10.3,7.4,.526,15.6,27.9,.257
154,Louisiana-Lafayette,30,17,13,.567,2.23,-2.13,12,8,12,2,4,11,2399,2193,,71.9,100.8,.371,.289,.524,44.3,42.5,7.8,9.0,.485,15.0,25.4,.263
155,Louisiana-Monroe,31,19,12,.613,0.13,-1.63,15,5,13,0,6,10,2282,2161,,66.9,101.8,.331,.381,.511,48.0,47.7,7.5,7.4,.474,14.6,32.0,.235
156,Louisiana State,32,19,13,.594,9.97,7.09,11,7,15,3,3,8,2564,2472,,73.0,105.0,.336,.369,.544,49.8,49.3,8.2,7.7,.518,16.4,30.1,.226
157,Louisiana Tech,32,23,9,.719,0.30,-4.33,12,6,16,1,7,7,2541,2307,,72.5,97.5,.334,.329,.511,49.8,51.3,7.8,7.9,.479,17.1,29.6,.227
158,Louisville,31,23,8,.742,21.87,8.03,12,6,18,1,4,7,2324,1895,,66.4,92.0,.405,.353,.492,45.3,51.5,8.2,6.9,.447,18.8,29.4,.278
159,Loyola (IL),32,15,17,.469,-0.76,1.05,7,11,9,7,4,7,2059,2082,,65.5,98.2,.356,.339,.531,53.5,55.5,8.9,10.7,.492,19.6,30.0,.258
160,Loyola Marymount,31,14,17,.452,-3.43,1.08,6,12,8,6,5,10,2208,2319,,68.0,107.9,.425,.396,.572,52.5,64.4,7.9,8.8,.534,17.9,27.4,.308
,,Overall,Overall,Overall,Overall,Overall,Overall,Conf.,Conf.,Home,Home,Away,Away,Points,Points,,Opponent Advanced,Opponent Advanced,Opponent Advanced,Opponent Advanced,Opponent Advanced,Opponent Advanced,Opponent Advanced,Opponent Advanced,Opponent Advanced,Opponent Advanced,Opponent Advanced,Opponent Advanced,Opponent Advanced
Rk,School,G,W,L,W-L%,SRS,SOS,W,L,W,L,W,L,Tm.,Opp.,,Pace,ORtg,FTr,3PAr,TS%,TRB%,AST%,STL%,BLK%,eFG%,TOV%,ORB%,FT/FGA
161,Loyola (MD),30,9,21,.300,-10.52,-4.86,8,10,5,9,4,12,2090,2260,,67.3,109.1,.409,.327,.554,49.9,53.6,8.7,11.1,.520,14.9,29.9,.284
162,Maine,30,8,22,.267,-17.17,-6.27,4,12,5,8,3,14,2279,2606,,77.7,110.4,.380,.315,.587,53.5,57.3,10.7,11.5,.555,18.4,28.3,.276
163,Manhattan,31,13,18,.419,-7.04,-2.69,9,11,8,6,4,11,2133,2268,,69.0,104.7,.468,.318,.565,54.9,60.3,9.3,10.4,.522,19.8,31.4,.337
164,Marist,30,7,23,.233,-11.26,-4.10,4,16,4,10,2,12,2145,2360,,69.0,112.1,.366,.351,.566,54.1,53.8,9.1,8.9,.536,14.7,31.3,.257
165,Marquette,33,20,13,.606,7.60,5.51,8,10,12,7,5,5,2517,2448,,72.3,101.0,.280,.346,.521,50.0,60.3,9.5,8.2,.487,16.5,34.8,.207
166,Marshall,33,17,16,.515,1.04,-0.08,12,6,10,4,5,9,2838,2801,,77.6,108.6,.359,.298,.554,52.1,45.0,8.4,7.1,.523,14.9,30.9,.251
167,Maryland-Baltimore County,32,7,25,.219,-15.15,-6.65,3,13,4,9,3,15,2307,2579,,70.7,113.1,.388,.367,.598,52.9,53.9,9.0,8.6,.566,17.1,26.8,.284
168,Maryland-Eastern Shore,32,10,22,.313,-13.90,-5.84,7,9,7,4,3,17,2178,2399,,68.4,108.3,.489,.386,.568,48.6,55.2,9.6,9.9,.529,16.8,28.5,.342
169,Maryland,32,25,7,.781,17.32,7.81,12,6,16,1,4,6,2449,2123,,67.5,98.0,.268,.354,.494,47.2,46.2,9.6,8.2,.465,14.6,36.0,.186
170,Massachusetts-Lowell,29,11,18,.379,-13.42,-5.99,7,9,6,6,5,12,2221,2401,,74.3,110.5,.374,.352,.574,53.4,48.0,11.0,8.1,.543,16.8,34.0,.265
171,Massachusetts,32,14,18,.438,0.79,3.10,6,12,9,7,3,9,2353,2427,,71.7,104.1,.402,.356,.528,52.1,57.0,7.9,9.2,.483,14.9,30.8,.294
172,McNeese State,29,9,20,.310,-14.92,-6.42,7,11,7,6,2,13,2083,2301,,70.5,110.1,.371,.309,.548,52.7,55.0,8.8,8.3,.518,13.9,31.7,.253
173,Memphis,32,18,14,.563,10.19,3.72,8,10,14,6,2,8,2471,2264,,74.0,94.9,.383,.316,.489,48.4,52.0,9.3,11.2,.449,16.5,30.2,.257
174,Mercer,33,19,14,.576,-2.44,-4.18,8,10,10,3,3,10,2389,2274,,65.6,102.7,.329,.445,.520,43.9,58.4,9.8,10.5,.483,14.2,28.4,.236
175,Miami (FL),32,25,7,.781,19.42,10.61,13,5,15,1,6,5,2420,2138,,66.3,100.5,.288,.298,.511,48.1,46.2,7.7,7.3,.480,15.2,32.5,.203
176,Miami (OH),33,13,20,.394,-5.62,0.04,6,12,10,8,3,11,2089,2249,,65.5,104.0,.381,.423,.552,52.0,56.4,8.1,8.4,.510,18.5,28.6,.285
177,Michigan State,32,27,5,.844,23.92,6.73,13,5,14,2,7,3,2582,2032,,67.2,93.7,.338,.324,.472,41.8,48.7,7.8,8.5,.427,12.8,28.5,.240
178,Michigan,33,22,11,.667,14.71,7.74,10,8,13,4,4,6,2467,2218,,65.8,101.7,.264,.371,.535,50.4,52.9,6.1,9.2,.507,16.1,27.4,.191
179,Middle Tennessee,32,23,9,.719,2.20,-1.97,13,5,11,3,8,6,2344,2201,,69.5,98.6,.425,.351,.525,48.2,51.0,8.3,7.1,.489,17.2,24.5,.284
180,Milwaukee,33,20,13,.606,2.99,-1.91,10,8,9,4,7,6,2618,2391,,68.5,103.8,.284,.319,.536,48.3,48.6,7.3,9.1,.509,14.0,25.5,.197
,,Overall,Overall,Overall,Overall,Overall,Overall,Conf.,Conf.,Home,Home,Away,Away,Points,Points,,Opponent Advanced,Opponent Advanced,Opponent Advanced,Opponent Advanced,Opponent Advanced,Opponent Advanced,Opponent Advanced,Opponent Advanced,Opponent Advanced,Opponent Advanced,Opponent Advanced,Opponent Advanced,Opponent Advanced
Rk,School,G,W,L,W-L%,SRS,SOS,W,L,W,L,W,L,Tm.,Opp.,,Pace,ORtg,FTr,3PAr,TS%,TRB%,AST%,STL%,BLK%,eFG%,TOV%,ORB%,FT/FGA
181,Minnesota,31,8,23,.258,1.32,7.32,2,16,7,10,0,9,2108,2294,,68.4,106.8,.342,.344,.552,52.3,58.4,8.0,10.2,.517,15.7,26.8,.249
182,Mississippi State,31,14,17,.452,8.66,6.50,7,11,10,5,2,9,2323,2256,,70.2,103.3,.363,.339,.524,51.1,48.9,9.0,9.3,.489,15.8,34.5,.250
183,Mississippi Valley State,35,8,27,.229,-19.59,-7.85,6,12,3,6,3,19,2293,2704,,71.3,106.5,.352,.383,.538,54.3,52.0,9.0,9.6,.510,16.5,32.7,.236
184,Mississippi,32,20,12,.625,8.34,5.25,10,8,12,2,7,7,2405,2306,,70.0,102.1,.406,.386,.531,48.7,58.9,9.3,11.6,.496,17.4,29.6,.274
185,Missouri-Kansas City,31,12,19,.387,-6.00,-1.93,4,10,9,4,2,13,2152,2240,,67.7,106.3,.439,.381,.544,49.6,58.0,8.4,10.1,.496,15.7,30.5,.322
186,Missouri State,32,13,19,.406,-3.53,2.57,8,10,8,7,4,8,2153,2321,,69.1,104.1,.346,.356,.541,50.5,57.3,9.4,6.5,.510,15.6,26.4,.242
187,Missouri,31,10,21,.323,2.98,7.36,3,15,10,7,0,11,2126,2262,,69.3,105.3,.408,.392,.529,51.0,56.4,8.4,11.4,.490,14.2,31.3,.284
188,Monmouth,34,27,7,.794,5.96,-1.77,17,3,10,1,13,4,2700,2437,,73.8,96.5,.369,.418,.496,50.2,50.2,8.0,10.4,.455,17.5,34.1,.257
189,Montana State,31,14,17,.452,-6.81,-5.24,9,9,8,3,4,12,2369,2411,,70.1,110.5,.457,.363,.572,48.4,49.4,8.2,10.6,.540,14.9,24.2,.312
190,Montana,31,21,10,.677,-0.43,-4.50,14,4,12,2,7,8,2259,2084,,67.3,99.1,.437,.366,.529,47.7,44.1,9.2,9.1,.484,16.9,25.1,.308
191,Morehead State,31,19,12,.613,0.70,-2.20,11,5,12,2,6,9,2243,2084,,66.5,100.3,.507,.353,.546,46.0,50.3,7.9,9.8,.496,19.5,24.6,.364
192,Morgan State,31,9,22,.290,-12.18,-7.58,6,10,6,6,2,15,2089,2223,,69.1,102.9,.375,.320,.537,52.5,53.8,8.1,10.2,.506,18.1,29.8,.254
193,Mount St. Mary's,33,14,19,.424,-9.54,-7.60,10,8,9,3,5,15,2218,2282,,69.7,98.2,.404,.289,.542,56.0,45.2,8.5,8.1,.502,21.5,28.4,.288
194,Murray State,31,17,14,.548,-1.42,-2.90,10,6,10,4,4,8,2212,2093,,65.6,102.4,.409,.334,.554,48.8,50.9,8.4,6.5,.516,18.0,25.0,.294
195,Navy,33,19,14,.576,-4.71,-6.78,9,9,6,9,11,4,2230,2135,,64.9,98.2,.389,.415,.526,46.5,58.3,9.0,7.5,.486,17.9,27.5,.274
196,Nebraska-Omaha,31,18,13,.581,0.33,-1.81,10,6,9,4,7,8,2617,2499,,75.9,104.9,.358,.354,.558,50.9,49.2,8.1,8.6,.518,17.5,30.9,.270
197,Nebraska,34,16,18,.471,9.21,5.94,6,12,10,8,3,8,2456,2345,,67.0,102.1,.397,.340,.541,48.6,53.6,7.8,9.5,.501,17.2,27.1,.285
198,Nevada-Las Vegas,33,18,15,.545,5.46,3.14,8,10,13,3,2,10,2581,2427,,74.0,97.2,.395,.323,.510,50.2,46.9,8.5,9.1,.468,17.5,30.2,.275
199,Nevada,32,19,13,.594,2.13,2.26,10,8,11,3,5,9,2383,2287,,72.5,96.7,.414,.357,.492,48.8,55.5,8.0,7.2,.449,15.7,31.0,.281
200,New Hampshire,31,19,12,.613,-8.23,-7.12,11,5,11,3,8,9,2203,2164,,68.4,101.2,.329,.368,.528,46.3,41.3,7.6,9.0,.495,14.0,20.5,.232
,,Overall,Overall,Overall,Overall,Overall,Overall,Conf.,Conf.,Home,Home,Away,Away,Points,Points,,Opponent Advanced,Opponent Advanced,Opponent Advanced,Opponent Advanced,Opponent Advanced,Opponent Advanced,Opponent Advanced,Opponent Advanced,Opponent Advanced,Opponent Advanced,Opponent Advanced,Opponent Advanced,Opponent Advanced
Rk,School,G,W,L,W-L%,SRS,SOS,W,L,W,L,W,L,Tm.,Opp.,,Pace,ORtg,FTr,3PAr,TS%,TRB%,AST%,STL%,BLK%,eFG%,TOV%,ORB%,FT/FGA
201,New Mexico State,32,23,9,.719,3.71,-4.05,13,1,15,2,7,7,2314,2030,,67.1,93.2,.282,.320,.474,43.1,46.8,7.8,4.8,.442,14.3,29.0,.191
202,New Mexico,32,17,15,.531,5.18,2.55,10,8,12,4,5,7,2432,2348,,72.2,101.3,.371,.397,.520,47.3,56.0,10.7,10.5,.485,15.0,33.9,.254
203,New Orleans,30,10,20,.333,-13.94,-7.90,6,12,7,5,3,14,2249,2325,,74.0,104.3,.427,.367,.560,49.5,56.6,10.9,10.4,.521,19.4,29.1,.306
204,Niagara,32,7,25,.219,-10.89,-3.49,5,15,5,8,1,14,2067,2304,,67.2,105.4,.355,.363,.532,49.5,58.4,8.9,10.9,.490,14.7,30.3,.263
205,Nicholls State,34,11,23,.324,-16.40,-4.95,6,12,8,4,1,17,2298,2598,,71.6,105.5,.392,.316,.539,54.0,52.7,11.3,10.6,.502,16.5,34.0,.275
206,NJIT,31,17,14,.548,-4.91,-4.91,8,6,9,6,8,8,2339,2310,,70.6,104.7,.364,.414,.541,51.2,58.5,8.4,11.3,.515,16.7,32.4,.240
207,Norfolk State,33,17,16,.515,-6.56,-6.75,12,4,9,2,7,9,2440,2408,,68.9,105.1,.421,.368,.534,50.5,58.0,6.0,10.1,.489,16.5,35.1,.303
208,North Carolina-Asheville,33,22,11,.667,1.68,-3.77,12,6,11,3,6,7,2496,2227,,70.6,94.9,.325,.357,.509,48.5,44.1,9.5,5.9,.473,19.3,29.3,.227
209,North Carolina A&T,32,10,22,.313,-16.45,-8.16,7,9,8,6,2,13,2169,2433,,68.7,108.5,.484,.418,.552,50.9,59.4,8.4,8.4,.515,15.5,29.9,.328
210,North Carolina Central,32,13,19,.406,-12.57,-9.61,7,9,8,5,3,12,2220,2235,,67.7,102.7,.377,.369,.530,48.7,54.5,8.0,10.0,.494,16.9,30.8,.262
211,North Carolina-Greensboro,32,14,18,.438,-5.64,-2.71,10,8,11,4,3,13,2333,2357,,68.5,106.7,.386,.403,.557,50.3,55.3,7.2,8.5,.515,15.5,26.7,.287
212,North Carolina State,33,16,17,.485,10.18,9.39,5,13,11,7,3,8,2482,2456,,68.3,108.1,.297,.365,.534,47.3,53.1,9.0,9.7,.506,12.9,29.5,.206
213,North Carolina-Wilmington,32,25,7,.781,6.44,0.07,14,4,12,2,8,5,2535,2286,,71.3,99.0,.534,.290,.522,49.3,45.7,6.9,7.6,.466,18.3,30.4,.376
214,North Carolina,33,27,6,.818,23.04,10.07,14,4,15,1,6,5,2736,2308,,71.0,98.5,.305,.355,.509,44.1,45.8,8.2,6.5,.475,16.2,31.8,.213
215,North Dakota State,33,20,13,.606,-0.62,-2.68,8,8,12,1,4,11,2271,2129,,65.8,97.7,.310,.313,.507,49.2,48.6,8.1,7.7,.472,15.4,26.3,.219
216,North Dakota,32,17,15,.531,-3.73,-5.11,10,8,10,4,4,9,2388,2277,,72.4,97.2,.371,.389,.525,49.6,53.9,8.7,6.9,.502,18.0,26.5,.232
217,North Florida,33,22,11,.667,-0.88,-4.45,10,4,14,2,7,9,2797,2607,,72.2,109.4,.265,.263,.528,52.9,47.0,8.4,7.9,.505,12.8,38.5,.178
218,North Texas,32,12,20,.375,-9.68,-3.08,7,11,11,7,1,12,2386,2505,,71.9,108.4,.417,.343,.557,50.4,49.5,9.8,9.3,.522,15.2,29.1,.290
219,Northeastern,33,18,15,.545,1.97,1.72,9,9,7,7,8,7,2376,2339,,66.0,103.8,.279,.339,.534,51.1,54.9,8.3,10.5,.513,15.4,29.9,.182
220,Northern Arizona,30,5,25,.167,-18.10,-2.63,3,15,4,9,1,15,2054,2438,,70.9,112.2,.336,.382,.580,54.2,52.9,8.6,9.3,.551,15.3,26.6,.244
,,Overall,Overall,Overall,Overall,Overall,Overall,Conf.,Conf.,Home,Home,Away,Away,Points,Points,,Opponent Advanced,Opponent Advanced,Opponent Advanced,Opponent Advanced,Opponent Advanced,Opponent Advanced,Opponent Advanced,Opponent Advanced,Opponent Advanced,Opponent Advanced,Opponent Advanced,Opponent Advanced,Opponent Advanced
Rk,School,G,W,L,W-L%,SRS,SOS,W,L,W,L,W,L,Tm.,Opp.,,Pace,ORtg,FTr,3PAr,TS%,TRB%,AST%,STL%,BLK%,eFG%,TOV%,ORB%,FT/FGA
221,Northern Colorado,31,10,21,.323,-11.99,-3.78,7,11,7,9,3,10,2292,2482,,69.9,114.5,.468,.398,.592,49.9,55.4,8.2,8.2,.550,15.6,28.8,.348
222,Northern Illinois,33,21,12,.636,-0.06,-1.06,9,9,18,1,3,10,2400,2215,,69.3,96.2,.398,.413,.510,47.0,57.4,8.3,9.3,.473,18.0,26.9,.268
223,Northern Iowa,34,22,12,.647,8.26,3.63,11,7,11,3,6,8,2312,2139,,63.7,98.3,.229,.393,.512,53.1,52.4,7.5,9.0,.485,16.1,29.6,.166
224,Northern Kentucky,30,9,21,.300,-6.72,-0.54,5,13,7,7,2,13,2116,2233,,69.4,106.4,.413,.325,.542,50.9,52.7,9.6,10.5,.497,14.6,29.9,.304
225,Northwestern State,28,8,20,.286,-15.47,-5.39,5,13,6,7,2,13,2224,2413,,75.2,114.6,.368,.323,.571,54.5,54.6,11.2,8.2,.540,15.7,39.5,.261
226,Northwestern,32,20,12,.625,10.56,4.53,8,10,14,4,5,6,2304,2111,,64.3,100.6,.350,.369,.507,48.6,62.6,7.5,9.0,.465,14.4,29.0,.253
227,Notre Dame,32,21,11,.656,14.32,9.19,11,7,14,2,5,5,2423,2259,,65.4,107.5,.269,.342,.522,48.6,52.1,7.9,8.2,.492,12.6,34.1,.193
228,Oakland,32,21,11,.656,5.74,-1.67,13,5,8,4,11,5,2762,2525,,74.8,105.1,.323,.354,.529,47.9,54.9,7.1,7.8,.496,14.2,31.6,.228
229,Ohio State,33,20,13,.606,9.85,7.43,11,7,14,5,4,6,2324,2244,,67.8,99.1,.307,.365,.504,48.7,51.2,7.2,5.7,.468,15.2,30.8,.220
230,Ohio,32,21,11,.656,2.35,-0.91,11,7,14,2,5,6,2508,2383,,70.1,105.9,.348,.340,.536,48.8,45.6,8.4,7.8,.499,13.1,28.7,.252
231,Oklahoma State,32,12,20,.375,8.81,9.43,3,15,8,8,1,9,2128,2148,,65.0,102.1,.409,.357,.508,50.9,49.5,9.7,8.7,.471,15.0,35.5,.272
232,Oklahoma,32,25,7,.781,20.99,11.02,12,6,14,1,7,5,2573,2254,,71.3,97.7,.273,.350,.493,48.4,41.8,9.8,9.2,.464,15.2,34.1,.185
233,Old Dominion,34,22,12,.647,4.25,-2.66,12,6,11,4,7,6,2344,2109,,62.9,97.9,.366,.357,.498,45.7,49.9,6.7,7.4,.453,14.9,26.9,.261
234,Oral Roberts,31,14,17,.452,-2.36,0.92,6,10,8,4,4,12,2356,2384,,71.2,107.6,.312,.324,.544,49.8,44.8,8.3,6.3,.510,14.0,30.4,.228
235,Oregon State,31,19,12,.613,11.02,9.59,9,9,12,3,4,7,2234,2169,,68.4,102.3,.391,.390,.528,51.5,58.5,7.4,9.6,.491,17.1,31.8,.271
236,Oregon,33,27,6,.818,17.29,8.82,14,4,18,0,5,5,2592,2293,,69.9,99.1,.316,.340,.518,47.9,53.2,6.7,8.1,.485,17.6,33.2,.220
237,Pacific,28,8,20,.286,-3.43,2.49,6,12,6,8,2,11,1948,2009,,67.7,104.1,.476,.367,.536,49.4,54.5,8.8,9.5,.491,15.4,28.7,.332
238,Penn State,32,16,16,.500,3.64,7.42,7,11,11,4,3,8,2107,2228,,66.2,104.4,.425,.353,.531,51.0,51.7,8.6,9.2,.488,15.3,27.9,.301
239,Pennsylvania,28,11,17,.393,-6.24,-2.21,5,9,9,6,2,11,1911,2013,,68.3,104.3,.333,.315,.526,50.7,47.4,9.1,10.7,.498,14.6,30.5,.223
240,Pepperdine,31,18,13,.581,2.92,2.02,10,8,10,3,6,7,2277,2208,,68.2,102.8,.318,.339,.518,49.2,50.5,7.9,6.3,.491,14.1,30.0,.212
,,Overall,Overall,Overall,Overall,Overall,Overall,Conf.,Conf.,Home,Home,Away,Away,Points,Points,,Opponent Advanced,Opponent Advanced,Opponent Advanced,Opponent Advanced,Opponent Advanced,Opponent Advanced,Opponent Advanced,Opponent Advanced,Opponent Advanced,Opponent Advanced,Opponent Advanced,Opponent Advanced,Opponent Advanced
Rk,School,G,W,L,W-L%,SRS,SOS,W,L,W,L,W,L,Tm.,Opp.,,Pace,ORtg,FTr,3PAr,TS%,TRB%,AST%,STL%,BLK%,eFG%,TOV%,ORB%,FT/FGA
241,Pittsburgh,32,21,11,.656,15.78,8.72,9,9,15,4,3,6,2433,2173,,66.7,101.1,.331,.342,.524,44.7,55.2,8.4,8.4,.497,15.4,27.7,.219
242,Portland State,31,13,18,.419,-7.94,-5.74,8,10,8,6,4,11,2408,2409,,73.3,106.1,.323,.329,.556,50.8,51.2,9.3,5.3,.528,17.0,29.9,.227
243,Portland,32,12,20,.375,-2.07,0.71,6,12,8,7,3,9,2483,2552,,72.7,109.3,.407,.359,.555,52.1,51.5,7.8,9.6,.520,15.9,32.7,.283
244,Prairie View,31,7,24,.226,-17.11,-6.50,7,11,4,6,3,16,1873,2202,,68.9,103.1,.474,.327,.549,53.9,55.5,10.4,11.1,.507,20.1,31.7,.331
245,Presbyterian,31,11,20,.355,-12.97,-4.58,5,13,7,8,3,11,2093,2259,,69.6,104.3,.380,.415,.546,51.6,53.0,10.0,10.4,.515,17.1,29.8,.259
246,Princeton,28,22,6,.786,7.35,-2.06,12,2,13,0,9,5,2213,1903,,69.4,97.1,.296,.288,.512,47.6,45.8,8.2,11.6,.486,16.4,27.0,.197
247,Providence,33,23,10,.697,11.93,7.68,10,8,13,4,7,4,2441,2301,,69.9,98.6,.278,.336,.520,50.2,51.2,8.4,8.8,.488,18.0,28.6,.199
248,Purdue,32,25,7,.781,20.79,7.23,12,6,17,1,5,5,2505,2071,,67.9,94.9,.284,.327,.478,42.2,50.8,9.0,7.9,.442,12.2,26.8,.201
249,Quinnipiac,30,9,21,.300,-9.93,-4.53,6,14,6,8,3,11,1969,2131,,69.8,100.6,.401,.320,.510,46.5,53.8,11.0,9.8,.465,15.2,25.8,.284
250,Radford,31,16,15,.516,-4.77,-3.04,9,9,8,6,7,7,2266,2248,,67.5,104.9,.335,.302,.533,47.9,44.9,10.7,8.0,.500,14.9,29.0,.236
251,Rhode Island,32,17,15,.531,8.14,3.51,9,9,13,4,3,9,2220,2072,,65.1,98.3,.396,.296,.522,48.1,42.9,8.9,9.4,.476,16.8,25.6,.288
252,Rice,32,12,20,.375,-8.59,-2.49,7,11,9,8,3,11,2427,2576,,71.4,112.3,.352,.352,.581,52.1,53.7,9.9,8.9,.554,16.3,31.6,.247
253,Richmond,32,16,16,.500,7.56,4.85,7,11,9,7,5,7,2450,2363,,68.8,106.1,.361,.324,.543,53.8,50.8,6.8,7.4,.509,15.7,33.0,.254
254,Rider,33,13,20,.394,-4.57,-3.17,8,12,7,6,4,12,2177,2223,,65.6,101.2,.324,.387,.517,50.1,54.5,10.2,7.8,.478,15.8,30.4,.238
255,Robert Morris,32,10,22,.313,-13.23,-7.45,8,10,4,8,5,14,2082,2267,,69.3,101.8,.329,.359,.532,54.6,62.5,9.0,10.3,.494,18.8,33.7,.241
256,Rutgers,32,7,25,.219,-6.66,6.83,1,17,7,11,0,11,2166,2571,,71.2,111.5,.301,.343,.542,54.5,54.5,10.0,9.5,.517,13.7,36.5,.205
257,Sacramento State,31,14,17,.452,-8.40,-5.09,6,12,10,5,3,11,2210,2237,,69.2,103.9,.361,.372,.519,51.5,56.1,9.1,8.5,.488,15.0,32.7,.241
258,Sacred Heart,30,12,18,.400,-12.64,-8.68,11,7,6,5,5,13,2217,2336,,72.0,107.3,.394,.342,.545,49.7,53.8,9.0,9.7,.511,15.7,31.7,.273
259,Saint Francis (PA),30,13,17,.433,-12.21,-8.69,9,9,8,6,5,11,2110,2181,,67.6,106.7,.301,.361,.537,49.3,51.0,8.5,10.9,.506,14.6,30.4,.217
260,Saint Joseph's,32,25,7,.781,11.44,3.79,13,5,12,4,10,2,2469,2224,,70.1,98.8,.244,.416,.504,48.0,49.8,6.3,6.4,.478,14.4,27.5,.169
,,Overall,Overall,Overall,Overall,Overall,Overall,Conf.,Conf.,Home,Home,Away,Away,Points,Points,,Opponent Advanced,Opponent Advanced,Opponent Advanced,Opponent Advanced,Opponent Advanced,Opponent Advanced,Opponent Advanced,Opponent Advanced,Opponent Advanced,Opponent Advanced,Opponent Advanced,Opponent Advanced,Opponent Advanced
Rk,School,G,W,L,W-L%,SRS,SOS,W,L,W,L,W,L,Tm.,Opp.,,Pace,ORtg,FTr,3PAr,TS%,TRB%,AST%,STL%,BLK%,eFG%,TOV%,ORB%,FT/FGA
261,Saint Louis,32,11,21,.344,-2.58,3.64,5,13,7,11,3,8,2106,2305,,69.4,103.0,.393,.406,.539,53.4,57.3,8.5,12.3,.500,16.4,28.5,.281
262,Saint Mary's (CA),32,27,5,.844,14.40,0.79,15,3,18,1,7,3,2397,1951,,62.4,97.7,.249,.318,.489,45.4,47.1,7.0,7.2,.464,13.6,31.9,.166
263,Saint Peter's,30,14,16,.467,-4.60,-3.90,12,8,9,5,5,10,1966,1987,,66.5,98.9,.317,.386,.513,47.9,50.1,9.6,9.7,.478,15.7,26.4,.226
264,Sam Houston State,33,18,15,.545,-5.53,-6.12,12,6,10,4,6,9,2474,2346,,69.9,101.3,.455,.392,.552,47.9,63.5,7.6,8.3,.509,17.4,20.4,.326
265,Samford,33,14,19,.424,-5.48,-4.03,4,14,6,7,5,11,2440,2442,,69.6,104.3,.430,.369,.549,50.3,55.9,9.6,11.4,.511,18.0,32.5,.300
266,San Diego State,33,25,8,.758,11.62,3.85,16,2,13,4,9,2,2252,1981,,66.0,90.2,.311,.361,.467,46.1,49.2,8.8,9.5,.424,16.2,29.2,.223
267,San Diego,30,9,21,.300,-7.61,1.59,4,14,6,7,1,11,1822,2074,,66.5,103.9,.414,.305,.540,52.1,52.8,9.0,10.8,.500,15.8,25.8,.292
268,San Francisco,30,15,15,.500,-2.72,-0.48,8,10,10,7,5,7,2329,2362,,70.8,109.3,.349,.393,.550,48.1,52.5,7.0,11.8,.516,13.9,29.2,.250
269,San Jose State,31,9,22,.290,-5.80,1.34,4,14,7,7,1,13,2186,2290,,71.4,103.0,.459,.340,.532,50.1,52.8,8.7,8.1,.490,15.4,27.9,.315
270,Santa Clara,31,11,20,.355,-4.53,2.00,7,11,7,8,3,9,2083,2272,,66.4,108.2,.364,.396,.546,52.2,56.5,7.2,9.4,.509,14.5,29.5,.263
271,Savannah State,31,16,15,.516,-15.13,-8.65,9,7,12,2,2,12,1933,2092,,68.2,98.6,.405,.345,.536,52.7,50.4,10.0,11.3,.493,19.9,27.7,.293
272,Seattle,30,14,16,.467,-9.24,-4.81,7,7,9,7,3,8,1952,2004,,67.2,99.0,.329,.431,.510,48.2,60.8,12.4,10.2,.481,16.7,32.4,.218
273,Seton Hall,32,24,8,.750,14.56,7.34,12,6,13,3,7,4,2401,2170,,70.7,95.5,.339,.329,.488,47.2,51.2,10.3,9.9,.452,16.6,32.9,.230
274,Siena,33,21,12,.636,2.32,-2.87,13,7,12,2,7,9,2579,2408,,70.8,101.1,.384,.351,.514,44.3,46.3,10.0,8.9,.471,15.0,33.1,.274
275,South Alabama,33,14,19,.424,-7.98,-1.82,8,12,8,6,4,11,2284,2426,,70.3,102.7,.378,.367,.521,50.7,54.4,8.1,8.9,.481,15.8,32.1,.267
276,South Carolina State,32,19,13,.594,-9.47,-8.14,12,4,10,1,6,11,2342,2326,,68.5,106.1,.373,.372,.546,50.7,50.3,6.4,7.0,.506,15.7,31.0,.272
277,South Carolina Upstate,32,10,22,.313,-13.66,-4.27,4,10,7,10,3,12,2315,2495,,69.0,112.1,.332,.382,.557,48.9,59.4,9.9,7.2,.529,14.3,31.6,.231
278,South Carolina,32,24,8,.750,12.69,6.27,11,7,15,2,5,5,2429,2208,,71.7,95.4,.389,.409,.505,45.7,55.4,8.9,11.4,.466,18.3,29.8,.264
279,South Dakota State,33,26,7,.788,5.53,-1.51,12,4,13,0,8,7,2517,2237,,68.8,98.5,.385,.325,.513,46.2,47.8,8.2,9.8,.469,15.6,27.0,.275
280,South Dakota,32,14,18,.438,-5.30,-0.60,5,11,6,6,5,10,2443,2537,,71.7,108.4,.401,.383,.568,52.3,56.0,7.1,10.1,.529,16.8,29.5,.295
,,Overall,Overall,Overall,Overall,Overall,Overall,Conf.,Conf.,Home,Home,Away,Away,Points,Points,,Opponent Advanced,Opponent Advanced,Opponent Advanced,Opponent Advanced,Opponent Advanced,Opponent Advanced,Opponent Advanced,Opponent Advanced,Opponent Advanced,Opponent Advanced,Opponent Advanced,Opponent Advanced,Opponent Advanced
Rk,School,G,W,L,W-L%,SRS,SOS,W,L,W,L,W,L,Tm.,Opp.,,Pace,ORtg,FTr,3PAr,TS%,TRB%,AST%,STL%,BLK%,eFG%,TOV%,ORB%,FT/FGA
281,South Florida,33,8,25,.242,-2.61,5.48,4,14,4,14,3,9,2085,2352,,67.0,106.3,.356,.372,.509,48.4,60.6,11.5,7.6,.472,12.1,34.6,.244
282,Southeast Missouri State,29,5,24,.172,-15.86,-3.23,2,14,3,10,2,14,1944,2252,,71.5,108.2,.304,.384,.567,52.0,62.6,9.1,9.4,.542,16.7,25.9,.214
283,Southeastern Louisiana,33,12,21,.364,-13.33,-7.27,9,9,9,3,2,15,2344,2489,,70.6,106.5,.425,.379,.547,51.1,59.5,9.2,10.5,.518,16.9,34.2,.278
284,Southern California,33,21,12,.636,14.06,7.96,9,9,16,2,3,7,2668,2467,,72.7,101.3,.285,.344,.505,48.9,50.3,7.8,9.4,.473,14.4,34.6,.200
285,SIU Edwardsville,28,6,22,.214,-10.56,-2.38,3,13,3,11,3,11,1839,2068,,68.0,107.6,.434,.303,.552,49.5,53.7,8.3,9.1,.512,15.4,26.1,.307
286,Southern Illinois,32,22,10,.688,2.76,-1.34,11,7,12,4,9,4,2360,2229,,69.9,98.9,.449,.352,.544,47.8,49.3,8.4,7.3,.509,19.1,23.8,.303
287,Southern Methodist,30,25,5,.833,18.72,4.85,13,5,16,1,7,4,2319,1903,,66.0,96.1,.304,.400,.492,42.6,55.9,11.1,9.3,.466,15.9,32.6,.193
288,Southern Mississippi,29,8,21,.276,-10.39,-3.47,5,13,6,9,2,12,1866,2045,,65.0,106.7,.384,.444,.549,52.7,57.5,9.9,11.2,.515,15.7,28.9,.268
289,Southern Utah,30,6,24,.200,-17.10,-3.96,3,15,3,10,3,13,2119,2429,,70.0,114.6,.428,.329,.594,54.1,47.9,8.5,10.3,.561,15.5,28.9,.306
290,Southern,33,21,12,.636,-7.12,-9.02,11,7,12,1,6,10,2425,2294,,69.7,99.7,.378,.362,.511,51.1,48.4,7.6,7.3,.477,17.0,33.6,.250
291,St. Bonaventure,30,22,8,.733,7.25,2.28,14,4,14,2,8,5,2334,2185,,69.2,104.4,.378,.380,.530,50.6,55.9,7.6,8.2,.495,16.2,34.3,.262
292,St. Francis (NY),32,15,17,.469,-10.91,-8.91,11,7,9,5,6,11,2095,2131,,66.9,98.8,.348,.256,.505,49.4,48.1,9.5,8.9,.465,16.2,29.2,.248
293,St. John's (NY),32,8,24,.250,-2.01,7.83,1,17,6,10,0,10,2174,2472,,73.2,105.5,.429,.347,.554,52.5,55.0,11.7,8.9,.515,17.4,28.4,.304
294,Stanford,30,15,15,.500,8.54,10.89,8,10,12,5,2,8,2088,2111,,67.3,103.7,.392,.381,.540,50.6,57.7,7.9,8.3,.511,17.2,29.9,.259
295,Stephen F. Austin,31,26,5,.839,8.11,-6.93,18,0,14,0,9,4,2501,1961,,69.9,90.5,.389,.310,.521,47.4,52.5,7.8,7.3,.489,23.6,28.1,.255
296,Stetson,34,12,22,.353,-10.69,-4.26,4,10,6,8,5,13,2729,2807,,73.4,110.1,.302,.326,.553,52.9,49.8,8.2,11.5,.530,14.2,31.6,.204
297,Stony Brook,31,25,6,.806,4.26,-6.15,14,2,14,1,11,5,2378,1956,,67.6,93.0,.267,.351,.490,44.3,47.7,8.2,6.2,.458,16.5,26.0,.189
298,Syracuse,32,19,13,.594,13.60,9.10,9,9,13,4,3,7,2247,2103,,65.0,99.9,.294,.403,.503,51.1,65.1,9.9,8.3,.475,17.2,36.2,.196
299,Temple,31,21,10,.677,7.91,6.16,14,4,11,3,8,4,2135,2081,,65.9,100.3,.287,.321,.501,51.0,50.4,6.4,9.6,.464,14.3,28.6,.212
300,Tennessee-Martin,33,19,14,.576,-5.67,-4.76,10,6,11,2,7,9,2398,2338,,67.3,104.1,.293,.432,.534,48.4,56.3,8.1,8.1,.506,15.5,29.6,.206
,,Overall,Overall,Overall,Overall,Overall,Overall,Conf.,Conf.,Home,Home,Away,Away,Points,Points,,Opponent Advanced,Opponent Advanced,Opponent Advanced,Opponent Advanced,Opponent Advanced,Opponent Advanced,Opponent Advanced,Opponent Advanced,Opponent Advanced,Opponent Advanced,Opponent Advanced,Opponent Advanced,Opponent Advanced
Rk,School,G,W,L,W-L%,SRS,SOS,W,L,W,L,W,L,Tm.,Opp.,,Pace,ORtg,FTr,3PAr,TS%,TRB%,AST%,STL%,BLK%,eFG%,TOV%,ORB%,FT/FGA
301,Tennessee State,30,20,10,.667,-1.54,-5.32,11,5,11,2,7,7,2200,2056,,69.4,97.9,.421,.412,.525,47.7,56.1,8.1,6.4,.487,18.9,28.8,.288
302,Tennessee Tech,30,19,11,.633,-2.69,-3.73,11,5,14,1,5,9,2357,2265,,70.5,106.7,.338,.346,.533,50.2,54.5,8.7,9.5,.503,14.3,35.4,.230
303,Tennessee,34,15,19,.441,8.23,8.28,6,12,12,4,1,11,2554,2556,,71.0,105.9,.373,.349,.522,51.3,53.2,8.5,8.9,.485,14.8,34.2,.258
304,Texas A&M-Corpus Christi,31,25,6,.806,-2.01,-6.01,15,3,13,1,10,5,2296,2130,,70.2,97.9,.443,.370,.524,50.5,54.3,8.8,5.8,.476,20.2,32.6,.317
305,Texas A&M,32,25,7,.781,18.57,8.41,13,5,17,1,5,5,2433,2108,,68.3,96.0,.325,.393,.505,47.6,56.9,7.1,9.2,.476,18.3,30.5,.215
306,Texas-Arlington,32,23,9,.719,6.27,-2.93,13,7,13,2,9,7,2556,2213,,73.1,93.5,.432,.408,.501,45.1,53.3,9.1,12.4,.462,18.2,25.6,.284
307,Texas Christian,33,12,21,.364,4.73,9.28,2,16,9,9,1,10,2209,2359,,70.0,102.2,.414,.358,.546,52.0,60.3,10.7,12.1,.509,18.4,28.8,.289
308,Texas-El Paso,33,19,14,.576,-3.56,-4.69,10,8,14,4,2,9,2554,2471,,72.7,101.8,.365,.395,.523,52.0,56.5,7.2,7.6,.490,16.8,33.9,.247
309,Texas-Rio Grande Valley,30,8,22,.267,-17.57,-3.94,4,10,7,6,1,13,1993,2330,,69.2,112.2,.309,.317,.536,55.2,55.6,9.2,7.6,.508,12.4,36.6,.211
310,Texas-San Antonio,32,5,27,.156,-16.15,-3.15,3,15,4,10,1,14,2317,2698,,73.1,114.4,.457,.376,.607,52.1,58.5,8.5,13.0,.583,15.8,22.8,.309
311,Texas Southern,32,18,14,.563,-4.55,-7.27,16,2,9,0,7,12,2330,2243,,68.0,103.0,.241,.322,.521,46.3,51.0,9.2,10.8,.490,14.0,28.8,.182
312,Texas State,31,15,16,.484,-5.08,-4.01,8,12,10,4,4,11,2046,1993,,65.1,97.9,.366,.344,.522,50.0,49.2,8.7,7.5,.484,18.8,28.7,.256
313,Texas Tech,31,19,12,.613,13.27,10.72,9,9,14,3,3,7,2244,2165,,66.7,103.5,.329,.379,.527,49.7,45.9,9.4,8.6,.493,16.0,35.1,.232
314,Texas,32,20,12,.625,15.80,12.52,11,7,14,3,5,5,2283,2178,,66.9,101.0,.375,.325,.513,51.0,47.5,6.7,8.9,.474,15.9,31.4,.260
315,Toledo,32,17,15,.531,3.15,-2.17,8,10,9,6,6,8,2482,2286,,70.4,101.5,.287,.369,.537,47.8,50.1,9.0,8.6,.506,15.6,25.1,.208
316,Towson,32,20,12,.625,0.68,-1.49,11,7,12,3,7,6,2286,2137,,66.5,99.7,.388,.341,.522,44.7,48.3,7.7,8.6,.475,16.6,25.7,.286
317,Troy,31,9,22,.290,-8.99,-1.85,4,16,4,10,4,10,2145,2329,,70.1,106.3,.345,.358,.538,51.5,53.8,9.1,9.7,.505,15.4,29.8,.243
318,Tulane,33,12,21,.364,-0.32,3.86,3,15,6,10,2,10,2186,2324,,67.8,101.6,.367,.311,.524,49.9,47.8,10.0,9.1,.490,16.5,27.9,.252
319,Tulsa,31,20,11,.645,10.11,5.79,12,6,12,3,6,5,2294,2160,,68.9,100.3,.348,.368,.527,51.3,51.2,7.6,8.9,.483,17.9,30.2,.261
320,UCLA,32,15,17,.469,10.86,10.08,6,12,11,6,3,7,2480,2455,,71.6,105.9,.338,.378,.528,48.4,53.7,9.2,6.7,.497,13.9,31.8,.233
,,Overall,Overall,Overall,Overall,Overall,Overall,Conf.,Conf.,Home,Home,Away,Away,Points,Points,,Opponent Advanced,Opponent Advanced,Opponent Advanced,Opponent Advanced,Opponent Advanced,Opponent Advanced,Opponent Advanced,Opponent Advanced,Opponent Advanced,Opponent Advanced,Opponent Advanced,Opponent Advanced,Opponent Advanced
Rk,School,G,W,L,W-L%,SRS,SOS,W,L,W,L,W,L,Tm.,Opp.,,Pace,ORtg,FTr,3PAr,TS%,TRB%,AST%,STL%,BLK%,eFG%,TOV%,ORB%,FT/FGA
321,Utah State,31,16,15,.516,2.66,2.04,7,11,10,6,5,8,2274,2217,,68.2,104.9,.319,.368,.535,49.2,54.7,9.0,8.9,.505,14.7,29.3,.222
322,Utah Valley,30,12,18,.400,-9.31,-3.31,6,8,7,7,5,9,2280,2360,,74.8,104.3,.360,.295,.530,52.3,51.7,8.5,8.4,.496,14.9,29.9,.250
323,Utah,33,26,7,.788,17.48,8.79,13,5,16,1,5,5,2582,2263,,67.8,99.6,.229,.326,.498,46.6,42.5,8.9,10.2,.469,13.4,32.2,.167
324,Valparaiso,32,26,6,.813,10.27,-1.36,16,2,14,1,12,4,2425,1991,,68.6,89.9,.394,.337,.476,43.4,49.8,8.0,9.4,.438,16.9,25.4,.256
325,Vanderbilt,32,19,13,.594,18.27,8.86,11,7,14,2,3,9,2456,2155,,69.1,96.7,.342,.305,.470,49.1,43.4,8.1,8.8,.431,12.2,35.0,.230
326,Vermont,33,21,12,.636,-1.35,-4.85,11,5,12,3,8,8,2476,2317,,68.8,102.0,.364,.338,.524,48.0,50.4,9.9,9.5,.489,15.0,31.5,.250
327,Villanova,33,29,4,.879,21.96,8.23,16,2,15,1,10,2,2550,2097,,67.7,93.5,.314,.376,.492,48.6,58.2,8.5,6.5,.460,17.8,32.9,.210
328,Virginia Commonwealth,32,23,9,.719,13.83,3.58,14,4,15,2,7,4,2475,2147,,69.9,95.2,.369,.300,.521,48.1,53.1,8.2,9.6,.487,19.7,26.0,.252
329,VMI,30,9,21,.300,-12.51,-2.69,4,14,8,6,1,14,2081,2264,,69.8,107.7,.404,.358,.553,53.9,48.8,9.7,9.3,.513,16.2,30.4,.293
330,Virginia Tech,33,19,14,.576,10.22,7.73,10,8,13,5,4,6,2461,2379,,69.5,102.2,.333,.366,.521,50.9,50.8,8.0,13.4,.490,15.8,33.5,.227
331,Virginia,32,26,6,.813,22.23,11.08,13,5,15,0,5,6,2265,1908,,61.2,97.0,.339,.376,.519,47.1,48.3,8.4,5.8,.485,17.5,27.8,.236
332,Wagner,32,22,10,.688,-4.42,-10.39,13,5,13,4,9,6,2256,2047,,67.6,94.2,.440,.330,.505,44.7,51.8,8.2,8.2,.461,18.5,26.0,.299
333,Wake Forest,31,11,20,.355,5.87,10.87,2,16,6,9,3,9,2295,2450,,71.9,109.0,.386,.326,.538,49.1,46.0,11.0,10.2,.495,13.1,31.9,.284
334,Washington State,31,9,22,.290,1.00,8.46,1,17,8,9,0,10,2187,2394,,70.3,108.2,.371,.311,.540,51.4,45.5,9.5,7.7,.499,13.2,32.6,.271
335,Washington,32,18,14,.563,12.19,8.60,9,9,12,5,3,6,2668,2553,,77.5,100.9,.445,.295,.518,51.5,46.7,7.8,8.7,.476,17.7,34.4,.303
336,Weber State,33,25,8,.758,0.27,-5.90,15,3,13,1,6,7,2547,2214,,68.9,95.9,.284,.276,.491,46.9,40.7,8.3,4.9,.462,13.9,29.5,.190
337,West Virginia,33,26,7,.788,23.20,9.93,13,5,13,2,7,4,2622,2184,,70.6,93.1,.549,.363,.538,43.9,50.4,9.5,8.9,.484,23.0,23.1,.389
338,Western Carolina,33,16,17,.485,-4.45,-1.05,10,8,12,2,3,14,2405,2411,,70.1,102.2,.435,.374,.540,49.7,53.4,9.7,10.0,.497,18.3,30.5,.308
339,Western Illinois,27,10,17,.370,-5.91,-1.03,3,13,7,6,3,11,1904,1914,,68.8,103.1,.412,.315,.531,49.9,49.1,9.2,7.4,.487,14.5,27.1,.294
340,Western Kentucky,34,18,16,.529,-1.15,-0.75,8,10,12,4,3,9,2620,2586,,68.8,108.5,.295,.355,.542,46.2,51.9,9.2,7.4,.521,13.4,31.1,.195
,,Overall,Overall,Overall,Overall,Overall,Overall,Conf.,Conf.,Home,Home,Away,Away,Points,Points,,Opponent Advanced,Opponent Advanced,Opponent Advanced,Opponent Advanced,Opponent Advanced,Opponent Advanced,Opponent Advanced,Opponent Advanced,Opponent Advanced,Opponent Advanced,Opponent Advanced,Opponent Advanced,Opponent Advanced
Rk,School,G,W,L,W-L%,SRS,SOS,W,L,W,L,W,L,Tm.,Opp.,,Pace,ORtg,FTr,3PAr,TS%,TRB%,AST%,STL%,BLK%,eFG%,TOV%,ORB%,FT/FGA
341,Western Michigan,32,13,19,.406,-1.79,0.35,7,11,10,5,2,12,2342,2352,,68.7,104.5,.378,.413,.547,48.0,53.5,8.3,9.2,.513,15.4,24.4,.263
342,Wichita State,32,24,8,.750,16.69,2.98,16,2,14,1,9,3,2343,1896,,66.0,89.0,.450,.368,.499,46.7,48.5,7.0,8.3,.444,20.8,22.3,.322
343,William & Mary,31,20,11,.645,5.93,1.65,11,7,12,3,7,7,2384,2205,,68.4,103.1,.272,.406,.515,48.5,50.5,8.5,9.8,.487,13.5,31.3,.189
344,Winthrop,32,23,9,.719,-0.99,-5.27,13,5,14,1,7,7,2631,2429,,72.9,104.1,.317,.326,.515,50.9,42.1,8.4,9.3,.479,13.8,37.5,.226
345,Wisconsin,32,20,12,.625,13.55,9.24,12,6,13,5,6,5,2204,2066,,64.2,99.9,.343,.293,.521,47.7,46.4,8.2,9.2,.485,16.6,26.9,.242
346,Wofford,32,15,17,.469,-3.37,-1.97,11,7,11,2,4,14,2296,2295,,66.0,107.4,.401,.295,.567,49.8,45.9,9.0,9.4,.538,15.6,24.8,.274
347,Wright State,35,22,13,.629,0.26,-1.68,13,5,13,2,5,9,2399,2303,,67.4,97.2,.479,.355,.531,52.6,50.1,7.4,9.3,.480,18.6,25.5,.343
348,Wyoming,32,14,18,.438,0.13,2.23,7,11,10,6,4,8,2294,2302,,66.8,106.5,.384,.373,.533,54.4,47.1,8.6,9.2,.496,13.9,33.3,.268
349,Xavier,32,27,5,.844,18.79,8.48,14,4,15,1,8,3,2603,2273,,72.8,97.6,.344,.404,.516,45.1,55.3,8.4,8.8,.479,17.1,27.2,.242
350,Yale,28,22,6,.786,8.65,-2.32,13,1,12,0,9,6,2105,1768,,67.1,93.7,.329,.342,.498,42.1,49.8,9.9,8.9,.461,16.5,24.6,.229
351,Youngstown State,32,11,21,.344,-10.78,-0.78,6,12,6,8,3,11,2437,2682,,74.1,110.9,.316,.361,.557,55.3,56.6,8.6,8.1,.531,14.6,32.4,.219