1 	Abilene Christian 	31 	11 	20 	.355 	-19.13 	-3.65 	2 	12 	11 	6 	0 	14 	2214 	2228 		67.7 	104.9 	.455 	.320 	.558 	49.8 	53.6 	9.7 	11.5 	.518 	18.0 	30.3 	.323
2 	Air Force 	29 	12 	17 	.414 	-3.68 	2.25 	6 	12 	9 	9 	3 	8 	1921 	2013 		65.5 	105.1 	.428 	.408 	.543 	51.2 	59.1 	10.5 	13.8 	.503 	15.9 	29.6 	.300
3 	Akron 	31 	20 	11 	.645 	1.84 	-0.10 	12 	6 	14 	4 	6 	7 	2098 	2038 		65.9 	98.9 	.363 	.267 	.512 	48.8 	46.3 	9.9 	7.6 	.470 	17.1 	30.5 	.259
4 	Alabama A&M 	28 	13 	15 	.464 	-13.69 	-9.65 	10 	8 	8 	4 	5 	11 	1818 	1905 		66.6 	100.8 	.532 	.287 	.514 	53.3 	44.5 	9.4 	8.2 	.459 	17.3 	35.0 	.370
5 	Alabama-Birmingham 	30 	18 	12 	.600 	1.56 	-0.40 	7 	9 	13 	7 	5 	5 	2196 	2100 		69.4 	99.6 	.294 	.332 	.492 	44.8 	49.9 	9.9 	10.2 	.462 	13.6 	29.4 	.198
6 	Alabama State 	29 	18 	11 	.621 	-11.91 	-11.10 	12 	6 	13 	2 	5 	9 	2091 	2030 		68.2 	100.9 	.384 	.292 	.529 	50.3 	47.2 	8.7 	7.3 	.493 	18.6 	30.4 	.266
7 	Alabama 	31 	13 	18 	.419 	9.01 	9.17 	7 	11 	13 	7 	0 	11 	2114 	2082 		64.6 	102.7 	.410 	.329 	.518 	51.4 	51.7 	8.5 	11.1 	.466 	16.7 	36.9 	.307
8 	Albany (NY) 	31 	17 	14 	.548 	-3.94 	-5.91 	9 	7 	11 	3 	6 	11 	2044 	1983 		63.0 	100.3 	.291 	.364 	.518 	47.6 	54.7 	9.2 	8.7 	.485 	16.3 	30.8 	.209
9 	Alcorn State 	30 	12 	18 	.400 	-15.03 	-8.59 	9 	9 	10 	5 	2 	13 	1934 	2037 		65.0 	102.4 	.397 	.316 	.525 	52.7 	52.6 	8.1 	7.0 	.483 	16.4 	33.2 	.281
10 	American 	31 	19 	12 	.613 	1.19 	-3.69 	13 	5 	11 	3 	8 	9 	1991 	1840 		60.9 	97.0 	.421 	.307 	.505 	49.3 	50.1 	11.4 	7.4 	.464 	17.4 	36.7 	.285
11 	Appalachian State 	30 	9 	21 	.300 	-15.19 	-7.00 	5 	11 	7 	8 	2 	13 	2034 	2152 		67.4 	105.6 	.408 	.296 	.548 	49.4 	50.9 	8.3 	11.2 	.519 	16.6 	26.3 	.272
12 	Arizona State 	31 	21 	10 	.677 	14.88 	7.85 	10 	8 	17 	3 	4 	7 	2343 	2125 		69.1 	97.3 	.370 	.273 	.488 	51.5 	46.9 	7.8 	9.4 	.455 	14.8 	34.1 	.237
13 	Arizona 	31 	28 	3 	.903 	23.77 	8.96 	15 	3 	20 	0 	8 	3 	2279 	1820 		64.8 	89.5 	.344 	.269 	.470 	44.0 	44.3 	7.4 	8.4 	.428 	17.1 	27.3 	.239
14 	Arkansas-Little Rock 	30 	14 	16 	.467 	-5.48 	-0.48 	9 	9 	8 	7 	6 	9 	2100 	2194 		68.7 	104.7 	.486 	.408 	.546 	49.4 	57.9 	9.5 	11.0 	.503 	16.8 	29.1 	.338
15 	Arkansas-Pine Bluff 	30 	13 	17 	.433 	-14.15 	-6.04 	11 	7 	7 	5 	6 	12 	1907 	2119 		68.0 	103.9 	.497 	.366 	.569 	53.0 	62.4 	10.9 	13.2 	.534 	21.2 	30.0 	.340
16 	Arkansas State 	30 	18 	12 	.600 	0.89 	-2.93 	10 	8 	11 	4 	7 	8 	2271 	2113 		69.1 	100.7 	.347 	.329 	.520 	51.3 	43.9 	8.7 	6.8 	.483 	16.7 	32.2 	.246
17 	Arkansas 	31 	21 	10 	.677 	15.11 	5.72 	10 	8 	18 	4 	3 	6 	2499 	2208 		72.6 	96.9 	.422 	.313 	.505 	52.5 	46.8 	7.5 	8.0 	.461 	19.9 	38.3 	.291
18 	Army 	31 	15 	16 	.484 	-5.69 	-4.19 	10 	8 	8 	7 	7 	9 	2244 	2269 		68.1 	106.5 	.354 	.308 	.553 	51.1 	51.2 	10.7 	8.5 	.519 	17.3 	31.3 	.255
19 	Auburn 	29 	14 	15 	.483 	5.76 	5.52 	6 	12 	12 	7 	2 	8 	2088 	2081 		67.8 	105.7 	.483 	.352 	.540 	50.4 	59.7 	8.5 	10.3 	.497 	16.2 	32.3 	.334
20 	Austin Peay 	30 	12 	18 	.400 	-10.62 	-5.90 	6 	10 	9 	7 	3 	11 	2287 	2368 		71.9 	108.5 	.342 	.358 	.560 	51.3 	56.7 	10.8 	8.5 	.526 	17.1 	36.9 	.252
21 	Ball State 	30 	5 	25 	.167 	-9.44 	1.38 	2 	16 	5 	9 	0 	16 	1967 	2214 		67.0 	107.9 	.442 	.285 	.548 	47.3 	53.6 	12.6 	9.2 	.507 	14.5 	28.0 	.310
22 	Baylor 	31 	21 	10 	.677 	15.44 	10.03 	9 	9 	16 	5 	5 	5 	2327 	2109 		64.5 	103.8 	.330 	.330 	.514 	44.8 	61.8 	8.1 	7.4 	.481 	13.9 	33.2 	.226
23 	Belmont 	33 	24 	9 	.727 	2.46 	-2.55 	14 	2 	15 	2 	9 	7 	2646 	2452 		69.6 	106.8 	.436 	.355 	.558 	51.6 	50.8 	10.4 	8.5 	.522 	17.8 	37.2 	.303
24 	Bethune-Cookman 	31 	7 	24 	.226 	-16.60 	-7.19 	5 	11 	5 	6 	2 	18 	1964 	2177 		63.3 	110.0 	.529 	.338 	.560 	52.7 	57.1 	9.7 	14.1 	.512 	16.9 	33.3 	.376
25 	Binghamton 	30 	7 	23 	.233 	-15.91 	-5.91 	4 	12 	3 	11 	4 	12 	1840 	2140 		65.6 	107.4 	.408 	.396 	.560 	52.5 	61.0 	11.1 	10.8 	.528 	17.3 	29.4 	.280
26 	Boise State 	31 	19 	12 	.613 	8.66 	4.59 	9 	9 	14 	5 	5 	7 	2366 	2163 		65.8 	104.3 	.393 	.342 	.552 	46.2 	46.9 	6.8 	9.5 	.518 	15.7 	23.0 	.275
27 	Boston College 	31 	8 	23 	.258 	3.36 	9.06 	4 	14 	5 	12 	3 	11 	2127 	2281 		62.7 	115.4 	.403 	.277 	.559 	52.7 	47.8 	8.8 	7.2 	.519 	12.6 	36.5 	.293
28 	Boston University 	33 	24 	9 	.727 	2.55 	-2.57 	15 	3 	13 	5 	11 	4 	2394 	2225 		66.3 	100.2 	.312 	.337 	.525 	50.5 	53.1 	7.8 	8.3 	.494 	17.6 	30.8 	.219
29 	Bowling Green State 	32 	12 	20 	.375 	-2.80 	0.46 	6 	12 	8 	9 	4 	11 	2007 	2055 		67.0 	95.1 	.374 	.328 	.502 	50.2 	56.1 	12.4 	9.1 	.469 	18.2 	31.4 	.244
30 	Bradley 	32 	12 	20 	.375 	-2.34 	0.07 	7 	11 	11 	9 	1 	11 	2036 	2113 		63.9 	103.4 	.434 	.391 	.543 	50.0 	56.7 	9.2 	10.9 	.500 	17.7 	28.9 	.309
31 	Brigham Young 	33 	23 	10 	.697 	12.85 	5.63 	13 	5 	18 	3 	5 	7 	2799 	2544 		73.7 	102.7 	.358 	.356 	.524 	46.6 	54.1 	8.1 	10.5 	.486 	15.0 	29.7 	.254
32 	Brown 	28 	15 	13 	.536 	-1.09 	-3.90 	7 	7 	8 	5 	7 	8 	2000 	1883 		69.4 	96.0 	.378 	.320 	.487 	48.2 	50.9 	9.0 	10.7 	.440 	14.8 	29.5 	.269
33 	Bryant 	32 	18 	14 	.563 	-3.92 	-4.57 	10 	6 	11 	5 	7 	9 	2351 	2304 		67.9 	105.2 	.329 	.358 	.528 	51.5 	50.7 	9.9 	11.8 	.498 	15.7 	37.5 	.224
34 	Bucknell 	30 	16 	14 	.533 	-0.82 	-2.66 	11 	7 	8 	6 	8 	8 	1977 	1922 		63.7 	100.6 	.318 	.327 	.508 	47.2 	49.1 	8.7 	12.9 	.479 	12.8 	25.5 	.210
35 	Buffalo 	28 	19 	9 	.679 	4.41 	-1.70 	13 	5 	13 	3 	6 	6 	2068 	1883 		67.9 	98.6 	.360 	.319 	.508 	48.0 	51.3 	10.1 	6.9 	.473 	17.1 	32.7 	.245
36 	Butler 	30 	14 	16 	.467 	8.04 	7.94 	4 	14 	10 	9 	4 	7 	2075 	2013 		64.1 	101.7 	.315 	.306 	.527 	49.6 	49.5 	8.3 	9.6 	.497 	15.7 	26.0 	.219
37 	Cal Poly 	29 	10 	19 	.345 	-2.13 	2.24 	6 	10 	7 	7 	3 	12 	1832 	1875 		61.3 	105.5 	.426 	.325 	.540 	50.9 	56.7 	7.8 	10.8 	.494 	15.9 	27.5 	.310
38 	Cal State Bakersfield 	30 	12 	18 	.400 	-4.59 	-3.97 	5 	11 	7 	8 	5 	10 	2084 	2059 		66.2 	102.7 	.527 	.351 	.536 	48.6 	54.5 	10.0 	10.7 	.487 	17.1 	30.0 	.367
39 	Cal State Fullerton 	30 	11 	19 	.367 	-4.40 	-0.63 	6 	10 	8 	7 	3 	12 	2036 	2149 		66.9 	106.7 	.454 	.289 	.548 	50.9 	52.6 	7.4 	9.7 	.506 	15.0 	27.0 	.321
40 	Cal State Northridge 	32 	15 	17 	.469 	-5.10 	-3.13 	7 	9 	12 	3 	3 	14 	2461 	2490 		69.0 	109.6 	.416 	.377 	.558 	48.5 	55.7 	8.7 	9.1 	.521 	15.5 	33.8 	.295
41 	California-Davis 	31 	9 	22 	.290 	-10.90 	-1.11 	4 	12 	8 	9 	1 	13 	2174 	2408 		66.6 	113.8 	.376 	.318 	.582 	56.1 	57.6 	8.6 	8.9 	.546 	15.9 	32.5 	.281
42 	California-Irvine 	32 	22 	10 	.688 	5.14 	-0.26 	13 	3 	12 	4 	10 	6 	2293 	2059 		66.2 	96.1 	.381 	.304 	.475 	47.3 	51.9 	8.4 	6.3 	.425 	13.4 	33.9 	.272
43 	California-Riverside 	30 	10 	20 	.333 	-6.76 	-1.98 	5 	11 	8 	7 	2 	13 	2074 	2151 		67.8 	104.0 	.420 	.306 	.539 	50.7 	53.5 	9.7 	9.2 	.489 	15.9 	29.8 	.314
44 	California-Santa Barbara 	29 	21 	8 	.724 	6.18 	0.52 	12 	4 	12 	3 	9 	5 	2099 	1891 		63.4 	101.4 	.391 	.373 	.500 	48.1 	60.5 	7.6 	6.4 	.464 	14.3 	36.8 	.258
45 	California 	31 	19 	12 	.613 	11.08 	8.02 	10 	8 	13 	6 	6 	6 	2260 	2165 		66.8 	103.2 	.350 	.296 	.515 	49.0 	50.9 	6.7 	8.3 	.473 	13.4 	30.6 	.257
46 	Campbell 	32 	12 	20 	.375 	-14.15 	-7.44 	6 	10 	9 	8 	3 	12 	2164 	2291 		64.0 	110.5 	.365 	.297 	.540 	51.7 	48.3 	11.1 	6.5 	.509 	14.1 	35.9 	.250
47 	Canisius 	33 	21 	12 	.636 	1.83 	-1.80 	14 	6 	12 	5 	9 	7 	2561 	2459 		67.6 	107.8 	.347 	.351 	.545 	52.0 	57.5 	8.8 	6.8 	.510 	16.9 	37.5 	.249
48 	Central Arkansas 	29 	8 	21 	.276 	-15.78 	-5.08 	5 	13 	7 	8 	1 	13 	2165 	2360 		74.3 	108.8 	.484 	.274 	.558 	54.6 	56.6 	9.7 	6.8 	.514 	17.3 	34.4 	.345
49 	Central Connecticut State 	30 	11 	19 	.367 	-12.85 	-5.82 	7 	9 	5 	9 	6 	10 	2117 	2318 		70.8 	108.3 	.338 	.337 	.540 	53.4 	45.5 	9.4 	11.5 	.511 	15.6 	37.6 	.232
50 	Central Florida 	29 	12 	17 	.414 	2.09 	5.12 	4 	14 	10 	7 	2 	10 	2101 	2130 		68.1 	106.9 	.353 	.306 	.539 	47.9 	53.9 	11.1 	11.5 	.513 	15.0 	30.8 	.233
51 	Central Michigan 	31 	10 	21 	.323 	-8.23 	-2.13 	3 	15 	8 	8 	2 	13 	2246 	2288 		65.8 	110.3 	.381 	.368 	.590 	52.1 	53.1 	8.5 	10.6 	.556 	18.0 	26.6 	.281
52 	Charleston Southern 	31 	13 	18 	.419 	-5.30 	-5.78 	6 	10 	8 	6 	5 	12 	2523 	2242 		68.6 	103.3 	.378 	.354 	.536 	48.1 	50.1 	7.4 	10.7 	.501 	16.0 	28.2 	.263
53 	Charlotte 	29 	16 	13 	.552 	-0.49 	-0.66 	7 	9 	13 	5 	3 	8 	2070 	2065 		69.4 	101.7 	.355 	.342 	.518 	47.5 	47.0 	10.0 	8.3 	.489 	15.3 	30.6 	.233
54 	Chattanooga 	32 	18 	14 	.563 	-10.40 	-7.81 	12 	4 	13 	4 	5 	10 	2423 	2360 		70.5 	103.9 	.369 	.264 	.537 	48.7 	47.5 	8.6 	8.9 	.507 	17.1 	30.6 	.248
55 	Chicago State 	31 	13 	18 	.419 	-10.02 	-1.91 	8 	8 	9 	5 	4 	13 	2170 	2371 		69.7 	107.6 	.521 	.368 	.564 	56.1 	55.3 	7.6 	11.9 	.522 	19.2 	32.3 	.362
56 	Cincinnati 	31 	26 	5 	.839 	15.95 	4.91 	15 	3 	19 	2 	7 	3 	2151 	1809 		63.9 	91.3 	.348 	.324 	.483 	46.6 	55.0 	8.2 	9.6 	.445 	19.4 	31.7 	.235
57 	Citadel 	33 	7 	26 	.212 	-17.47 	-6.61 	2 	14 	7 	10 	0 	16 	2211 	2453 		66.5 	110.9 	.372 	.342 	.541 	52.5 	48.5 	9.0 	9.5 	.511 	13.3 	35.9 	.251
58 	Clemson 	30 	19 	11 	.633 	11.07 	5.44 	10 	8 	15 	4 	4 	7 	1896 	1727 		59.8 	94.2 	.298 	.303 	.469 	48.0 	47.7 	8.5 	7.7 	.439 	15.3 	33.5 	.192
59 	Cleveland State 	32 	21 	11 	.656 	4.92 	-0.21 	12 	4 	12 	4 	9 	7 	2348 	2122 		64.6 	101.1 	.423 	.349 	.521 	48.5 	59.2 	8.3 	11.1 	.476 	16.9 	35.2 	.299
60 	Coastal Carolina 	33 	21 	12 	.636 	-5.64 	-7.14 	11 	5 	15 	5 	6 	7 	2399 	2256 		68.9 	98.1 	.372 	.425 	.506 	46.7 	50.3 	10.3 	12.0 	.467 	16.4 	30.9 	.257
61 	Colgate 	31 	13 	18 	.419 	-2.11 	-3.68 	6 	12 	7 	8 	6 	10 	2158 	2083 		62.8 	105.3 	.347 	.339 	.535 	50.9 	47.9 	8.9 	6.1 	.503 	14.3 	31.3 	.238
62 	College of Charleston 	32 	14 	18 	.438 	-1.70 	-1.57 	6 	10 	9 	9 	5 	9 	2016 	2006 		62.2 	99.3 	.428 	.274 	.495 	46.1 	39.5 	9.1 	9.8 	.456 	13.3 	28.0 	.279
63 	Colorado State 	31 	16 	15 	.516 	3.92 	2.61 	7 	11 	14 	6 	2 	9 	2278 	2157 		65.8 	105.8 	.374 	.354 	.545 	46.5 	51.4 	7.5 	10.1 	.508 	14.9 	25.0 	.267
64 	Colorado 	31 	21 	10 	.677 	12.58 	8.93 	10 	8 	16 	3 	5 	7 	2248 	2135 		67.9 	100.2 	.313 	.357 	.526 	45.2 	54.1 	9.2 	8.5 	.494 	16.2 	27.0 	.219
65 	Columbia 	31 	19 	12 	.613 	2.44 	-1.69 	8 	6 	15 	4 	4 	8 	2117 	1967 		62.2 	100.0 	.413 	.268 	.514 	47.6 	44.4 	8.3 	9.1 	.473 	14.9 	29.0 	.284
66 	Connecticut 	31 	24 	7 	.774 	15.62 	6.40 	12 	6 	17 	3 	7 	4 	2252 	1966 		66.3 	95.3 	.348 	.318 	.481 	49.7 	53.1 	8.5 	8.6 	.443 	16.9 	38.0 	.235
67 	Coppin State 	29 	10 	19 	.345 	-10.84 	-4.16 	7 	9 	5 	9 	5 	10 	2009 	2179 		68.1 	109.8 	.370 	.377 	.561 	53.8 	61.4 	8.2 	12.5 	.538 	16.9 	32.3 	.243
68 	Cornell 	28 	2 	26 	.071 	-15.36 	0.27 	1 	13 	2 	11 	0 	15 	1795 	2195 		65.2 	119.2 	.470 	.340 	.601 	53.5 	55.7 	9.0 	10.1 	.565 	13.9 	27.2 	.340
69 	Creighton 	30 	24 	6 	.800 	20.31 	7.75 	14 	4 	16 	2 	8 	4 	2397 	2020 		66.1 	101.8 	.329 	.352 	.513 	47.8 	52.1 	7.7 	8.1 	.481 	13.7 	32.1 	.225
70 	Dartmouth 	28 	12 	16 	.429 	-4.49 	-2.88 	5 	9 	8 	7 	4 	9 	1905 	1864 		64.4 	102.9 	.486 	.340 	.559 	48.4 	48.5 	8.6 	12.0 	.506 	18.2 	24.4 	.363
71 	Davidson 	32 	20 	12 	.625 	0.98 	-3.95 	15 	1 	10 	8 	10 	4 	2514 	2319 		67.9 	105.1 	.444 	.268 	.552 	49.9 	43.2 	8.3 	8.5 	.513 	16.2 	27.6 	.313
72 	Dayton 	31 	22 	9 	.710 	9.99 	4.19 	10 	6 	14 	4 	8 	5 	2268 	2088 		65.6 	101.9 	.437 	.311 	.539 	46.7 	51.5 	7.2 	12.5 	.496 	17.3 	28.0 	.309
73 	Delaware State 	29 	9 	20 	.310 	-12.26 	-5.63 	5 	11 	7 	8 	2 	12 	1786 	1881 		60.9 	105.1 	.411 	.359 	.527 	52.1 	58.7 	9.2 	11.5 	.483 	15.7 	34.9 	.294
74 	Delaware 	34 	25 	9 	.735 	3.05 	-1.33 	14 	2 	13 	2 	12 	7 	2704 	2555 		70.8 	105.7 	.378 	.316 	.526 	51.6 	43.9 	6.9 	9.2 	.491 	14.4 	32.7 	.259
75 	Denver 	31 	16 	15 	.516 	1.43 	0.16 	8 	6 	10 	7 	6 	8 	2044 	1999 		59.2 	107.2 	.484 	.289 	.566 	54.6 	50.4 	8.5 	8.6 	.529 	18.2 	31.6 	.333
76 	DePaul 	31 	11 	20 	.355 	2.12 	7.90 	3 	15 	8 	11 	3 	9 	2168 	2347 		67.9 	109.7 	.480 	.314 	.575 	50.0 	52.1 	9.8 	13.4 	.536 	16.9 	27.6 	.339
77 	Detroit Mercy 	32 	13 	19 	.406 	-2.89 	0.11 	6 	10 	8 	7 	5 	12 	2275 	2267 		68.0 	102.2 	.482 	.347 	.535 	48.6 	60.6 	8.3 	10.6 	.490 	17.3 	28.9 	.333
78 	Drake 	31 	15 	16 	.484 	-0.43 	1.37 	6 	12 	10 	7 	5 	9 	2116 	2115 		64.4 	105.5 	.385 	.364 	.543 	49.2 	48.5 	10.0 	11.3 	.508 	15.2 	28.1 	.268
79 	Drexel 	30 	16 	14 	.533 	1.54 	0.08 	8 	8 	9 	5 	7 	9 	2064 	2020 		63.4 	102.4 	.466 	.305 	.515 	50.5 	45.9 	6.0 	9.3 	.472 	14.9 	29.3 	.314
80 	Duke 	31 	24 	7 	.774 	21.18 	8.50 	13 	5 	19 	1 	5 	6 	2473 	2080 		66.2 	101.0 	.393 	.236 	.525 	48.6 	44.5 	7.8 	8.2 	.487 	16.7 	30.4 	.271
81 	Duquesne 	29 	13 	16 	.448 	1.25 	1.22 	5 	11 	6 	10 	7 	6 	2136 	2135 		68.3 	107.7 	.332 	.391 	.556 	49.8 	65.3 	7.3 	11.6 	.533 	15.6 	27.6 	.223
82 	East Carolina 	31 	16 	15 	.516 	-3.39 	-2.28 	5 	11 	13 	6 	3 	9 	2271 	2185 		66.7 	105.8 	.302 	.340 	.524 	51.0 	56.4 	9.2 	9.2 	.497 	15.1 	36.5 	.203
83 	East Tennessee State 	33 	18 	15 	.545 	-6.21 	-6.15 	10 	8 	13 	5 	5 	10 	2533 	2514 		71.3 	106.0 	.414 	.398 	.547 	52.2 	56.4 	8.1 	10.4 	.510 	17.0 	32.2 	.289
84 	Eastern Illinois 	30 	11 	19 	.367 	-11.60 	-4.28 	7 	9 	7 	8 	4 	11 	2030 	2206 		66.4 	110.7 	.453 	.329 	.570 	50.4 	53.3 	11.0 	10.0 	.533 	15.9 	30.6 	.321
85 	Eastern Kentucky 	33 	24 	9 	.727 	0.07 	-5.38 	11 	5 	15 	3 	9 	6 	2608 	2331 		67.6 	104.2 	.542 	.361 	.587 	55.2 	57.4 	8.2 	10.5 	.547 	22.3 	31.4 	.383
86 	Eastern Michigan 	32 	19 	13 	.594 	3.29 	1.50 	10 	8 	15 	3 	4 	10 	2143 	1976 		66.0 	92.4 	.394 	.398 	.474 	51.6 	62.0 	9.4 	12.6 	.425 	19.6 	38.8 	.274
87 	Eastern Washington 	31 	15 	16 	.484 	-4.72 	-3.55 	10 	10 	11 	4 	4 	12 	2362 	2329 		69.5 	107.6 	.400 	.320 	.539 	49.0 	53.8 	9.6 	10.4 	.501 	13.4 	30.2 	.282
88 	Elon 	32 	18 	14 	.563 	-3.69 	-4.17 	11 	5 	11 	5 	7 	9 	2392 	2281 		67.9 	104.2 	.396 	.283 	.522 	50.6 	41.2 	9.4 	5.9 	.486 	14.4 	34.3 	.269
89 	Evansville 	33 	14 	19 	.424 	-2.82 	1.50 	6 	12 	10 	8 	4 	11 	2290 	2383 		66.8 	107.3 	.367 	.359 	.545 	51.6 	52.7 	9.5 	12.3 	.510 	16.0 	36.1 	.259
90 	Fairfield 	32 	7 	25 	.219 	-7.36 	-0.79 	4 	16 	5 	12 	2 	13 	2030 	2240 		66.9 	104.2 	.586 	.270 	.531 	50.0 	48.5 	11.3 	10.0 	.471 	14.7 	27.4 	.417
91 	Fairleigh Dickinson 	31 	10 	21 	.323 	-10.83 	-3.66 	6 	10 	6 	7 	4 	14 	2157 	2358 		67.0 	112.6 	.482 	.340 	.560 	54.6 	54.1 	8.6 	11.2 	.512 	16.0 	37.4 	.352
92 	Florida A&M 	30 	13 	17 	.433 	-11.92 	-7.17 	8 	8 	10 	3 	3 	14 	2148 	2228 		72.1 	102.2 	.536 	.289 	.522 	50.3 	52.1 	10.0 	11.4 	.475 	17.4 	32.3 	.361
93 	Florida Atlantic 	31 	10 	21 	.323 	-4.65 	0.07 	5 	11 	7 	10 	3 	11 	2061 	2129 		65.6 	104.7 	.423 	.281 	.514 	49.0 	46.6 	9.4 	7.9 	.469 	14.3 	33.2 	.298
94 	Florida Gulf Coast 	34 	22 	12 	.647 	-2.29 	-6.36 	14 	4 	16 	3 	6 	9 	2451 	2281 		68.3 	97.6 	.346 	.351 	.504 	47.9 	46.5 	9.2 	6.7 	.473 	16.0 	31.6 	.227
95 	Florida International 	31 	15 	16 	.484 	-5.20 	-1.38 	7 	9 	10 	7 	5 	9 	2128 	2170 		67.2 	103.4 	.367 	.325 	.519 	48.9 	55.6 	9.0 	9.7 	.483 	15.8 	34.9 	.252
96 	Florida State 	30 	18 	12 	.600 	13.15 	7.92 	9 	9 	12 	6 	6 	6 	2135 	1978 		66.2 	99.1 	.363 	.328 	.489 	49.6 	49.9 	9.7 	9.7 	.450 	16.0 	43.8 	.248
97 	Florida 	31 	29 	2 	.935 	20.54 	7.51 	18 	0 	19 	0 	10 	2 	2216 	1812 		63.5 	92.0 	.320 	.319 	.490 	46.1 	47.5 	8.8 	8.1 	.456 	19.1 	30.9 	.216
98 	Fordham 	29 	9 	20 	.310 	-3.16 	3.22 	2 	14 	7 	8 	2 	12 	2080 	2265 		69.3 	112.2 	.426 	.353 	.561 	51.3 	56.1 	9.6 	9.4 	.524 	15.6 	31.3 	.303
99 	Fresno State 	31 	16 	15 	.516 	4.23 	4.82 	9 	9 	11 	5 	5 	10 	2281 	2204 		66.1 	105.0 	.406 	.336 	.522 	51.7 	52.8 	6.8 	7.8 	.486 	14.3 	32.2 	.272
100 	Furman 	30 	9 	21 	.300 	-17.27 	-7.23 	3 	13 	6 	9 	3 	12 	1955 	2196 		65.5 	111.4 	.310 	.354 	.555 	52.5 	53.8 	10.6 	9.0 	.527 	14.4 	35.1 	.219
101 	Gardner-Webb 	33 	18 	15 	.545 	-7.30 	-6.87 	10 	6 	11 	6 	7 	9 	2425 	2309 		67.3 	100.9 	.369 	.284 	.532 	48.9 	47.0 	8.5 	10.7 	.497 	17.8 	28.6 	.257
102 	George Mason 	30 	11 	19 	.367 	2.72 	5.26 	5 	12 	7 	11 	4 	8 	2087 	2163 		67.8 	105.0 	.473 	.336 	.548 	49.1 	51.7 	10.3 	9.5 	.506 	16.0 	28.1 	.330
103 	George Washington 	30 	23 	7 	.767 	11.35 	4.01 	11 	5 	16 	2 	7 	5 	2209 	1989 		68.0 	97.2 	.338 	.358 	.499 	47.1 	51.6 	9.7 	9.7 	.467 	16.9 	33.8 	.223
104 	Georgetown 	30 	17 	13 	.567 	12.13 	9.06 	8 	10 	15 	5 	2 	8 	2121 	2029 		65.1 	103.0 	.516 	.354 	.521 	49.6 	56.2 	9.0 	8.0 	.470 	15.7 	35.3 	.358
105 	Georgia Southern 	34 	15 	19 	.441 	-11.21 	-8.37 	6 	10 	8 	8 	7 	11 	2406 	2395 		67.1 	103.8 	.324 	.366 	.540 	50.1 	51.8 	7.5 	8.4 	.510 	16.6 	28.5 	.225
106 	Georgia State 	31 	24 	7 	.774 	6.13 	-2.87 	17 	1 	14 	0 	10 	7 	2422 	2125 		66.2 	102.3 	.360 	.415 	.526 	53.3 	52.4 	6.5 	7.7 	.492 	17.5 	37.5 	.246
107 	Georgia Tech 	31 	15 	16 	.484 	5.39 	5.48 	6 	12 	10 	9 	5 	7 	2062 	2065 		65.1 	101.9 	.368 	.328 	.514 	48.1 	53.2 	9.4 	9.7 	.476 	13.7 	29.2 	.256
108 	Georgia 	30 	18 	12 	.600 	8.18 	5.41 	12 	6 	14 	4 	4 	8 	2076 	1993 		65.2 	101.2 	.435 	.348 	.503 	46.5 	44.7 	10.1 	11.8 	.450 	13.7 	32.1 	.313
109 	Gonzaga 	33 	27 	6 	.818 	16.04 	4.76 	15 	3 	18 	1 	9 	5 	2540 	2147 		67.7 	97.6 	.382 	.323 	.494 	47.4 	46.4 	8.1 	8.0 	.447 	15.4 	35.0 	.274
110 	Grambling 	27 	4 	23 	.148 	-24.51 	-8.35 	3 	15 	3 	8 	1 	15 	1765 	2162 		68.8 	116.4 	.417 	.334 	.599 	53.7 	56.1 	10.9 	7.9 	.579 	16.5 	31.1 	.277
111 	Grand Canyon 	29 	15 	14 	.517 	-6.19 	-3.27 	10 	6 	10 	5 	5 	9 	2096 	2083 		67.9 	105.4 	.403 	.293 	.524 	49.1 	47.4 	9.5 	8.3 	.484 	12.8 	30.9 	.280
112 	Green Bay 	30 	24 	6 	.800 	8.15 	0.26 	14 	2 	15 	4 	9 	2 	2239 	1919 		67.6 	93.8 	.323 	.327 	.483 	47.6 	50.1 	8.9 	8.5 	.443 	17.4 	35.6 	.230
113 	Hampton 	29 	18 	11 	.621 	-4.86 	-8.14 	13 	4 	9 	5 	9 	6 	2120 	2025 		71.0 	95.4 	.518 	.304 	.497 	50.5 	45.6 	8.2 	9.3 	.449 	18.9 	35.4 	.340
114 	Hartford 	33 	17 	16 	.515 	-6.40 	-5.95 	10 	6 	9 	7 	8 	9 	2162 	2177 		63.7 	103.2 	.413 	.318 	.547 	53.6 	46.8 	10.1 	7.0 	.513 	17.9 	33.3 	.282
115 	Harvard 	30 	26 	4 	.867 	10.82 	-1.32 	13 	1 	13 	1 	13 	3 	2209 	1815 		64.6 	92.1 	.365 	.307 	.499 	47.7 	50.7 	8.6 	10.0 	.457 	19.6 	30.2 	.258
116 	Hawaii 	30 	20 	10 	.667 	4.39 	-1.00 	9 	7 	14 	6 	6 	4 	2395 	2183 		69.4 	104.0 	.395 	.338 	.542 	46.5 	47.4 	8.0 	9.9 	.501 	16.6 	30.8 	.285
117 	High Point 	30 	16 	14 	.533 	-8.74 	-5.88 	12 	4 	10 	4 	6 	10 	2122 	2165 		65.5 	109.8 	.341 	.371 	.560 	50.7 	54.9 	9.8 	7.8 	.532 	16.1 	34.2 	.239
118 	Hofstra 	33 	10 	23 	.303 	-6.36 	-1.69 	5 	11 	8 	8 	2 	15 	2260 	2414 		65.3 	111.5 	.412 	.351 	.552 	48.1 	52.4 	9.4 	9.7 	.519 	13.3 	29.4 	.282
119 	Holy Cross 	32 	19 	13 	.594 	-1.17 	-3.04 	12 	6 	9 	4 	10 	9 	2143 	2083 		63.8 	101.3 	.311 	.319 	.535 	48.6 	54.8 	8.4 	9.0 	.499 	16.6 	26.9 	.229
120 	Houston Baptist 	31 	6 	25 	.194 	-16.94 	-4.94 	2 	16 	5 	10 	1 	15 	2091 	2373 		70.2 	108.1 	.428 	.300 	.538 	50.9 	47.9 	10.4 	11.1 	.499 	14.5 	32.9 	.296
121 	Houston 	31 	16 	15 	.516 	2.77 	4.03 	8 	10 	13 	6 	3 	9 	2212 	2251 		67.1 	107.9 	.343 	.308 	.532 	51.1 	51.5 	9.7 	9.2 	.499 	14.3 	36.3 	.238
122 	Howard 	31 	7 	24 	.226 	-15.96 	-4.99 	5 	11 	4 	7 	3 	17 	1921 	2205 		67.2 	104.6 	.538 	.377 	.543 	52.0 	59.6 	10.5 	12.9 	.495 	18.7 	34.9 	.375
123 	Idaho State 	29 	11 	18 	.379 	-5.66 	-3.95 	8 	12 	9 	4 	2 	14 	2054 	2036 		64.5 	107.5 	.346 	.429 	.560 	47.7 	54.4 	8.1 	12.8 	.533 	17.2 	30.7 	.237
124 	Idaho 	31 	14 	17 	.452 	-5.88 	-3.38 	7 	9 	9 	6 	5 	11 	2259 	2320 		67.2 	110.0 	.410 	.323 	.545 	49.5 	49.4 	7.2 	8.8 	.512 	13.3 	32.1 	.279
125 	Illinois-Chicago 	31 	6 	25 	.194 	-6.79 	1.00 	1 	15 	4 	13 	2 	12 	2071 	2248 		66.5 	109.0 	.483 	.325 	.566 	49.6 	56.1 	8.9 	12.4 	.528 	15.5 	25.8 	.336
126 	Illinois State 	31 	16 	15 	.516 	1.17 	2.10 	9 	9 	13 	5 	3 	10 	2135 	2146 		67.9 	100.8 	.428 	.363 	.527 	52.1 	59.7 	7.8 	9.4 	.489 	17.7 	31.0 	.290
127 	Illinois 	31 	18 	13 	.581 	10.50 	8.57 	7 	11 	12 	7 	6 	6 	2006 	1946 		63.2 	99.0 	.328 	.341 	.513 	49.8 	47.9 	8.1 	10.1 	.479 	16.3 	28.6 	.229
128 	Incarnate Word 	27 	21 	6 	.778 	-8.09 	-10.35 	9 	5 	14 	1 	7 	5 	2216 	1935 		73.5 	97.1 	.336 	.308 	.494 	47.1 	50.4 	10.2 	7.7 	.456 	15.6 	34.4 	.234
129 	Indiana State 	33 	23 	10 	.697 	3.79 	0.98 	12 	6 	14 	4 	9 	6 	2345 	2237 		66.1 	102.5 	.429 	.336 	.534 	49.3 	54.0 	9.0 	9.4 	.494 	15.6 	27.9 	.298
130 	Indiana 	31 	17 	14 	.548 	12.09 	6.93 	7 	11 	15 	5 	2 	9 	2258 	2098 		68.9 	97.8 	.353 	.332 	.503 	44.4 	43.6 	10.7 	12.3 	.462 	15.7 	30.9 	.251
131 	Iona 	32 	22 	10 	.688 	5.85 	-0.43 	17 	3 	12 	3 	10 	7 	2672 	2471 		70.9 	108.5 	.297 	.302 	.532 	53.5 	49.6 	6.6 	7.8 	.506 	14.3 	40.1 	.203
132 	Iowa State 	30 	23 	7 	.767 	18.80 	9.80 	11 	7 	16 	1 	7 	6 	2476 	2206 		72.1 	100.0 	.305 	.340 	.504 	49.4 	51.9 	7.3 	8.2 	.466 	14.2 	31.4 	.221
133 	Iowa 	31 	20 	11 	.645 	20.22 	7.76 	9 	9 	15 	5 	5 	6 	2562 	2176 		70.6 	98.3 	.349 	.369 	.507 	45.0 	52.3 	9.1 	9.2 	.469 	16.4 	31.3 	.244
134 	IPFW 	33 	24 	9 	.727 	0.46 	-3.84 	10 	4 	16 	2 	8 	7 	2525 	2298 		67.1 	103.3 	.306 	.321 	.543 	47.2 	47.3 	8.6 	7.6 	.512 	16.5 	29.2 	.219
135 	IUPUI 	32 	6 	26 	.188 	-13.83 	-0.86 	1 	13 	5 	10 	1 	16 	2126 	2383 		66.9 	111.1 	.329 	.287 	.559 	53.3 	53.9 	9.2 	7.8 	.522 	13.5 	29.9 	.248
136 	Jackson State 	30 	11 	19 	.367 	-10.36 	-7.66 	7 	11 	6 	6 	5 	13 	1966 	2047 		67.7 	100.0 	.554 	.369 	.536 	48.6 	52.6 	10.5 	11.4 	.493 	18.6 	28.5 	.366
137 	Jacksonville State 	31 	10 	21 	.323 	-11.95 	-5.12 	4 	12 	7 	6 	3 	15 	2014 	2176 		63.7 	110.2 	.468 	.277 	.571 	52.4 	51.9 	9.1 	9.6 	.531 	16.7 	28.8 	.334
138 	Jacksonville 	30 	12 	18 	.400 	-11.87 	-4.87 	8 	10 	10 	5 	2 	13 	2231 	2385 		70.7 	112.4 	.378 	.348 	.576 	51.8 	53.7 	9.7 	8.3 	.549 	16.5 	32.8 	.262
139 	James Madison 	31 	11 	20 	.355 	-7.37 	-1.91 	6 	10 	6 	8 	5 	12 	1961 	2130 		64.7 	105.7 	.444 	.390 	.533 	51.0 	51.8 	8.6 	7.7 	.491 	15.8 	32.1 	.309
140 	Kansas State 	31 	20 	11 	.645 	12.88 	8.55 	10 	8 	17 	2 	3 	9 	2146 	2012 		65.5 	98.0 	.459 	.314 	.498 	48.8 	52.3 	9.7 	10.4 	.450 	16.3 	32.3 	.314
141 	Kansas 	31 	23 	8 	.742 	21.77 	11.90 	14 	4 	17 	2 	6 	6 	2467 	2161 		68.7 	101.0 	.469 	.311 	.511 	44.8 	52.2 	9.4 	8.7 	.468 	14.6 	35.0 	.315
142 	Kennesaw State 	31 	6 	25 	.194 	-16.10 	-4.00 	3 	15 	4 	11 	2 	14 	2016 	2304 		68.2 	108.9 	.463 	.295 	.556 	52.1 	45.7 	12.0 	9.7 	.507 	16.4 	33.4 	.343
143 	Kent State 	32 	16 	16 	.500 	-1.20 	-1.33 	7 	11 	11 	7 	5 	9 	2228 	2188 		66.6 	102.0 	.475 	.323 	.535 	50.7 	54.1 	8.9 	9.7 	.485 	17.5 	29.3 	.343
144 	Kentucky 	31 	22 	9 	.710 	17.42 	8.19 	12 	6 	17 	3 	5 	6 	2366 	2080 		67.2 	98.7 	.370 	.290 	.490 	43.3 	44.4 	8.3 	7.6 	.447 	14.0 	33.4 	.258
145 	La Salle 	30 	15 	15 	.500 	4.67 	5.00 	7 	9 	11 	7 	4 	8 	2028 	2038 		65.4 	102.1 	.320 	.279 	.515 	49.8 	56.1 	8.8 	12.7 	.478 	15.4 	30.9 	.231
146 	Lafayette 	31 	11 	20 	.355 	-7.16 	-2.89 	6 	12 	6 	7 	5 	13 	2212 	2315 		65.5 	113.0 	.367 	.373 	.574 	52.7 	52.0 	9.4 	8.6 	.540 	15.7 	35.7 	.267
147 	Lamar 	30 	4 	26 	.133 	-16.15 	-5.59 	3 	15 	3 	11 	1 	15 	2001 	2318 		69.4 	111.4 	.385 	.298 	.567 	53.2 	55.5 	10.7 	9.8 	.545 	16.0 	34.5 	.250
148 	Lehigh 	32 	14 	18 	.438 	-6.13 	-3.44 	7 	11 	10 	6 	4 	12 	2121 	2207 		65.5 	103.6 	.311 	.332 	.514 	52.4 	60.9 	8.8 	10.3 	.481 	14.4 	35.3 	.217
149 	Liberty 	32 	11 	21 	.344 	-10.30 	-7.51 	5 	11 	8 	9 	3 	12 	2250 	2234 		65.4 	106.7 	.363 	.386 	.538 	45.2 	50.6 	9.9 	11.4 	.499 	13.9 	30.1 	.262
150 	Lipscomb 	30 	15 	15 	.500 	-8.33 	-5.26 	10 	8 	7 	5 	8 	10 	2276 	2355 		71.0 	109.6 	.479 	.400 	.578 	53.1 	52.7 	8.7 	9.8 	.542 	17.6 	28.8 	.335
151 	Long Beach State 	30 	14 	16 	.467 	2.36 	3.89 	10 	6 	9 	6 	5 	10 	2093 	2117 		66.5 	104.8 	.369 	.361 	.536 	48.8 	52.4 	8.2 	9.5 	.501 	16.4 	29.8 	.258
152 	Long Island University 	29 	9 	20 	.310 	-13.33 	-5.23 	4 	12 	5 	7 	4 	13 	2080 	2315 		68.5 	116.0 	.309 	.357 	.570 	51.6 	58.4 	9.9 	9.7 	.546 	13.4 	33.0 	.215
153 	Longwood 	32 	8 	24 	.250 	-20.28 	-5.53 	3 	13 	5 	11 	3 	13 	2235 	2570 		69.7 	115.2 	.430 	.387 	.584 	54.5 	60.7 	8.5 	12.9 	.544 	16.2 	34.1 	.320
154 	Louisiana-Lafayette 	31 	20 	11 	.645 	3.13 	-0.59 	11 	7 	14 	2 	6 	9 	2523 	2319 		71.6 	102.4 	.435 	.295 	.530 	48.1 	45.1 	8.8 	13.0 	.488 	17.1 	33.1 	.302
155 	Louisiana-Monroe 	26 	10 	16 	.385 	-4.63 	0.69 	7 	11 	6 	6 	4 	10 	1673 	1783 		65.1 	103.4 	.370 	.355 	.519 	50.2 	52.9 	11.1 	10.9 	.489 	14.5 	32.0 	.243
156 	Louisiana State 	30 	18 	12 	.600 	10.54 	6.28 	9 	9 	14 	4 	4 	8 	2267 	2139 		70.8 	99.4 	.386 	.291 	.507 	47.6 	45.1 	9.6 	8.5 	.461 	16.0 	32.2 	.277
157 	Louisiana Tech 	31 	25 	6 	.806 	12.84 	-2.33 	13 	3 	15 	2 	10 	4 	2521 	2019 		72.1 	90.0 	.388 	.278 	.486 	47.9 	46.1 	8.0 	8.1 	.447 	20.0 	29.5 	.258
158 	Louisville 	31 	26 	5 	.839 	24.12 	4.15 	15 	3 	16 	3 	10 	2 	2535 	1916 		69.1 	89.4 	.399 	.307 	.487 	48.1 	49.3 	6.3 	7.2 	.443 	21.7 	32.4 	.273
159 	Loyola (IL) 	32 	10 	22 	.313 	-4.48 	-0.87 	4 	14 	9 	6 	1 	16 	2105 	2199 		63.2 	107.1 	.412 	.330 	.551 	51.4 	52.0 	10.4 	8.7 	.513 	15.9 	32.5 	.290
160 	Loyola Marymount 	32 	13 	19 	.406 	0.05 	4.57 	4 	14 	9 	8 	4 	11 	2345 	2468 		71.1 	109.7 	.427 	.293 	.562 	51.8 	54.2 	8.7 	9.0 	.520 	16.9 	33.1 	.313
161 	Loyola (MD) 	30 	11 	19 	.367 	-10.21 	-2.87 	6 	12 	7 	7 	4 	12 	1957 	2158 		65.5 	108.5 	.407 	.312 	.563 	53.8 	57.0 	8.1 	10.5 	.522 	17.9 	32.1 	.299
162 	Maine 	29 	6 	23 	.207 	-17.36 	-4.50 	4 	12 	5 	10 	1 	13 	2091 	2404 		74.2 	111.3 	.387 	.320 	.557 	54.8 	53.9 	9.9 	8.9 	.526 	15.3 	35.5 	.265
163 	Manhattan 	32 	25 	7 	.781 	5.72 	-1.66 	15 	5 	11 	3 	14 	4 	2476 	2240 		70.3 	97.3 	.525 	.279 	.511 	49.0 	52.9 	8.5 	11.8 	.456 	18.9 	33.5 	.366
164 	Marist 	31 	12 	19 	.387 	-4.92 	-1.24 	9 	11 	9 	7 	3 	12 	2119 	2233 		67.4 	105.2 	.383 	.316 	.540 	52.1 	50.3 	9.6 	8.3 	.506 	16.9 	31.6 	.264
165 	Marquette 	31 	17 	14 	.548 	11.01 	7.34 	9 	9 	12 	6 	5 	8 	2245 	2131 		66.4 	100.2 	.385 	.374 	.523 	47.8 	60.9 	7.9 	11.4 	.490 	17.0 	29.7 	.257
166 	Marshall 	31 	10 	21 	.323 	-3.80 	-0.87 	4 	12 	8 	9 	2 	12 	2264 	2243 		70.0 	102.5 	.410 	.329 	.522 	50.7 	54.5 	9.1 	9.2 	.492 	16.3 	32.4 	.262
167 	Maryland-Baltimore County 	30 	9 	21 	.300 	-13.89 	-6.23 	5 	11 	8 	5 	1 	16 	1968 	2185 		68.3 	103.9 	.575 	.357 	.562 	52.0 	57.4 	10.7 	10.3 	.512 	19.4 	27.3 	.405
168 	Maryland-Eastern Shore 	30 	6 	24 	.200 	-16.71 	-6.28 	4 	12 	5 	9 	1 	15 	1996 	2251 		66.9 	112.2 	.430 	.328 	.572 	52.1 	57.9 	8.4 	8.3 	.535 	16.7 	31.3 	.307
169 	Maryland 	31 	17 	14 	.548 	11.55 	8.13 	9 	9 	14 	4 	3 	10 	2205 	2099 		67.7 	98.8 	.422 	.326 	.512 	47.3 	50.3 	9.1 	10.4 	.471 	16.2 	28.5 	.286
170 	Massachusetts-Lowell 	28 	10 	18 	.357 	-13.39 	-4.20 	8 	8 	6 	6 	4 	12 	1718 	1938 		64.5 	106.8 	.345 	.344 	.534 	53.7 	62.3 	9.9 	8.6 	.499 	15.8 	35.5 	.245
171 	Massachusetts 	30 	23 	7 	.767 	11.81 	5.97 	10 	6 	13 	2 	10 	5 	2293 	2118 		71.6 	98.3 	.362 	.268 	.496 	47.9 	55.5 	8.4 	12.5 	.459 	15.8 	35.3 	.246
172 	McNeese State 	30 	11 	19 	.367 	-13.01 	-3.69 	9 	9 	8 	3 	3 	16 	2049 	2292 		69.2 	109.5 	.367 	.350 	.545 	51.9 	57.7 	9.9 	8.8 	.508 	15.7 	33.6 	.265
173 	Memphis 	31 	23 	8 	.742 	13.99 	6.46 	12 	6 	17 	2 	6 	6 	2430 	2181 		71.1 	98.1 	.336 	.290 	.503 	48.1 	51.7 	11.2 	9.0 	.475 	17.5 	36.4 	.217
174 	Mercer 	34 	26 	8 	.765 	5.03 	-4.71 	14 	4 	17 	1 	9 	7 	2695 	2256 		66.0 	96.8 	.392 	.378 	.499 	46.3 	52.3 	8.3 	9.1 	.456 	16.2 	31.9 	.270
175 	Miami (FL) 	31 	16 	15 	.516 	8.23 	5.97 	7 	11 	8 	8 	8 	7 	1914 	1844 		58.2 	100.2 	.308 	.367 	.498 	48.5 	53.1 	8.3 	8.5 	.469 	14.5 	31.8 	.204
176 	Miami (OH) 	30 	13 	17 	.433 	-3.63 	0.75 	8 	10 	8 	6 	5 	11 	1968 	2097 		67.0 	103.6 	.324 	.405 	.563 	52.3 	60.6 	9.0 	13.0 	.540 	19.4 	28.9 	.219
177 	Michigan State 	31 	23 	8 	.742 	19.52 	9.10 	12 	6 	15 	4 	8 	4 	2363 	2040 		66.7 	97.5 	.393 	.368 	.508 	46.7 	50.1 	8.9 	8.7 	.463 	16.4 	30.2 	.279
178 	Michigan 	30 	23 	7 	.767 	19.66 	9.39 	15 	3 	14 	2 	9 	5 	2264 	1956 		63.4 	101.9 	.279 	.321 	.526 	48.8 	48.7 	7.6 	6.5 	.494 	15.3 	29.9 	.203
179 	Middle Tennessee 	31 	23 	8 	.742 	4.89 	-0.81 	13 	3 	14 	2 	9 	6 	2208 	1943 		66.1 	94.1 	.441 	.315 	.506 	46.7 	47.3 	9.4 	8.5 	.464 	19.5 	29.2 	.296
180 	Milwaukee 	33 	20 	13 	.606 	-1.37 	-0.65 	7 	9 	9 	7 	11 	6 	2343 	2333 		68.0 	102.7 	.358 	.328 	.530 	51.3 	47.3 	10.1 	9.2 	.487 	16.2 	31.6 	.266
181 	Minnesota 	31 	19 	12 	.613 	12.71 	8.81 	8 	10 	15 	4 	4 	8 	2231 	2099 		64.9 	102.7 	.394 	.347 	.529 	48.5 	55.1 	9.1 	12.0 	.484 	16.4 	31.3 	.289
182 	Mississippi State 	31 	13 	18 	.419 	-1.14 	2.76 	3 	15 	13 	8 	0 	10 	2086 	2207 		68.5 	103.1 	.333 	.351 	.543 	52.0 	51.1 	9.4 	9.5 	.509 	17.9 	30.7 	.238
183 	Mississippi Valley State 	31 	9 	22 	.290 	-20.20 	-7.60 	5 	13 	7 	4 	2 	18 	2230 	2503 		74.0 	109.1 	.474 	.261 	.576 	52.2 	41.7 	9.7 	9.2 	.546 	17.3 	27.0 	.321
184 	Mississippi 	31 	18 	13 	.581 	8.03 	5.70 	9 	9 	13 	5 	5 	8 	2331 	2259 		69.4 	103.7 	.416 	.375 	.526 	51.7 	61.1 	7.6 	11.8 	.487 	17.0 	33.5 	.287
185 	Missouri-Kansas City 	29 	10 	19 	.345 	-8.56 	-1.35 	7 	9 	5 	9 	5 	10 	2015 	2222 		71.6 	107.0 	.421 	.351 	.562 	53.2 	54.1 	8.9 	12.0 	.525 	17.2 	28.8 	.301
186 	Missouri State 	32 	20 	12 	.625 	1.06 	1.38 	9 	9 	15 	4 	5 	8 	2199 	2185 		64.9 	104.0 	.435 	.368 	.543 	50.8 	55.6 	8.6 	10.4 	.511 	16.2 	28.1 	.289
187 	Missouri 	31 	21 	10 	.677 	10.99 	6.89 	9 	9 	17 	2 	4 	8 	2265 	2138 		65.9 	104.2 	.379 	.380 	.511 	46.3 	51.8 	8.4 	10.7 	.473 	13.6 	36.0 	.260
188 	Monmouth 	32 	11 	21 	.344 	-6.83 	-2.77 	5 	15 	8 	9 	3 	12 	2208 	2338 		69.6 	103.8 	.486 	.413 	.552 	49.4 	52.2 	9.1 	17.9 	.513 	18.7 	28.1 	.334
189 	Montana State 	31 	14 	17 	.452 	-10.04 	-5.18 	9 	11 	9 	5 	5 	12 	2109 	2165 		66.0 	105.4 	.384 	.371 	.569 	51.2 	52.1 	9.0 	8.2 	.534 	17.7 	24.1 	.278
190 	Montana 	29 	17 	12 	.586 	-3.43 	-4.43 	12 	8 	11 	3 	6 	9 	2060 	2000 		61.4 	110.0 	.447 	.300 	.561 	54.8 	43.1 	7.4 	8.0 	.531 	16.5 	37.2 	.298
191 	Morehead State 	33 	20 	13 	.606 	-1.76 	-3.34 	10 	6 	10 	5 	10 	8 	2536 	2406 		70.8 	101.1 	.504 	.336 	.553 	44.1 	55.6 	9.7 	14.1 	.508 	19.1 	25.5 	.356
192 	Morgan State 	28 	13 	15 	.464 	-6.03 	-4.50 	11 	5 	7 	5 	6 	10 	1993 	2036 		69.1 	102.9 	.444 	.289 	.527 	50.2 	52.4 	8.5 	9.8 	.491 	17.2 	31.2 	.295
193 	Mount St. Mary's 	31 	15 	16 	.484 	-6.36 	-4.03 	9 	7 	10 	3 	5 	13 	2352 	2424 		70.3 	110.4 	.343 	.239 	.567 	53.3 	45.6 	8.2 	6.2 	.535 	16.3 	30.9 	.250
194 	Murray State 	29 	18 	11 	.621 	-1.49 	-4.31 	13 	3 	13 	1 	5 	10 	2247 	2116 		68.3 	106.0 	.371 	.278 	.533 	48.4 	46.8 	8.9 	7.6 	.502 	14.8 	33.3 	.250
195 	Navy 	30 	9 	21 	.300 	-11.56 	-5.07 	4 	14 	7 	6 	2 	15 	1820 	1957 		62.9 	102.4 	.429 	.374 	.547 	50.7 	56.3 	10.0 	10.2 	.505 	18.4 	25.2 	.307
196 	Nebraska-Omaha 	30 	16 	14 	.533 	-0.13 	-2.13 	5 	9 	10 	4 	6 	10 	2405 	2243 		73.6 	100.8 	.368 	.300 	.546 	51.4 	50.7 	8.8 	9.4 	.509 	19.2 	30.0 	.265
197 	Nebraska 	30 	19 	11 	.633 	10.95 	8.61 	11 	7 	15 	1 	4 	10 	2010 	1940 		65.2 	99.2 	.428 	.358 	.516 	51.0 	50.9 	7.9 	9.2 	.476 	16.6 	29.4 	.289
198 	Nevada-Las Vegas 	31 	19 	12 	.613 	9.18 	2.89 	10 	8 	12 	7 	7 	5 	2233 	2038 		66.8 	97.6 	.256 	.276 	.474 	47.6 	47.0 	7.7 	8.0 	.443 	13.0 	33.4 	.176
199 	Nevada 	31 	15 	16 	.484 	2.68 	3.81 	10 	8 	7 	9 	8 	7 	2254 	2289 		65.1 	109.9 	.396 	.363 	.545 	50.3 	56.0 	7.3 	9.1 	.500 	13.6 	31.3 	.295
200 	New Hampshire 	30 	6 	24 	.200 	-13.69 	-5.62 	4 	12 	3 	12 	3 	12 	1735 	1945 		63.5 	101.6 	.435 	.339 	.512 	50.8 	50.8 	9.8 	8.0 	.462 	14.7 	28.3 	.312
201 	New Mexico State 	32 	23 	9 	.719 	6.58 	-2.48 	12 	4 	15 	2 	8 	7 	2487 	2156 		67.7 	98.8 	.337 	.218 	.484 	46.6 	40.1 	7.9 	5.3 	.438 	14.2 	40.2 	.246
202 	New Mexico 	30 	24 	6 	.800 	13.01 	4.75 	15 	3 	13 	2 	11 	4 	2236 	1988 		65.6 	99.4 	.306 	.350 	.491 	46.4 	50.3 	8.4 	7.8 	.450 	13.1 	33.0 	.225
203 	New Orleans 	26 	11 	15 	.423 	-14.66 	-5.16 	8 	10 	6 	6 	5 	9 	1858 	1987 		72.6 	105.3 	.419 	.295 	.552 	48.3 	57.2 	12.2 	10.9 	.517 	18.0 	30.2 	.291
204 	Niagara 	33 	7 	26 	.212 	-8.08 	-1.26 	3 	17 	4 	12 	3 	14 	2484 	2709 		73.8 	111.2 	.506 	.317 	.584 	52.4 	54.7 	8.0 	11.0 	.547 	17.7 	29.9 	.355
205 	Nicholls State 	27 	13 	14 	.481 	-12.68 	-7.14 	10 	8 	9 	2 	4 	12 	1843 	1962 		66.6 	108.1 	.612 	.284 	.570 	52.4 	49.5 	9.0 	8.4 	.518 	17.3 	27.4 	.435
206 	NJIT 	29 	13 	16 	.448 	-12.35 	-7.31 	0 	0 	7 	6 	6 	10 	2109 	2061 		68.8 	102.4 	.442 	.397 	.532 	50.9 	57.5 	9.0 	13.6 	.490 	17.0 	32.3 	.308
207 	Norfolk State 	31 	18 	13 	.581 	-7.63 	-7.52 	11 	5 	9 	5 	9 	8 	2272 	2225 		66.9 	106.4 	.445 	.390 	.541 	47.5 	52.4 	9.0 	10.5 	.497 	16.3 	34.0 	.316
208 	North Carolina-Asheville 	32 	17 	15 	.531 	-6.79 	-5.48 	10 	6 	12 	3 	5 	12 	2486 	2424 		70.2 	107.1 	.403 	.319 	.530 	47.9 	52.7 	9.9 	9.6 	.493 	14.5 	37.2 	.278
209 	North Carolina A&T 	31 	9 	22 	.290 	-16.05 	-6.91 	5 	11 	7 	5 	2 	17 	2042 	2289 		67.6 	107.9 	.528 	.376 	.547 	49.7 	60.2 	10.1 	11.1 	.504 	15.8 	31.7 	.362
210 	North Carolina Central 	30 	25 	5 	.833 	3.02 	-8.55 	16 	1 	14 	0 	11 	5 	2207 	1777 		65.0 	89.6 	.437 	.366 	.481 	47.6 	49.5 	8.4 	13.2 	.430 	21.0 	34.9 	.303
211 	North Carolina-Greensboro 	32 	14 	18 	.438 	-12.11 	-5.90 	7 	9 	10 	8 	4 	10 	2267 	2373 		70.6 	104.3 	.446 	.336 	.537 	48.9 	47.6 	9.0 	7.9 	.495 	14.9 	28.0 	.313
212 	North Carolina State 	31 	19 	12 	.613 	8.04 	6.71 	9 	9 	13 	6 	6 	6 	2207 	2166 		65.5 	105.4 	.427 	.308 	.520 	50.4 	48.8 	8.9 	9.1 	.471 	15.0 	36.7 	.309
213 	North Carolina-Wilmington 	32 	9 	23 	.281 	-8.47 	-0.50 	3 	13 	6 	8 	3 	15 	2018 	2221 		64.8 	105.5 	.405 	.349 	.525 	51.2 	48.4 	10.5 	11.0 	.494 	14.8 	30.7 	.265
214 	North Carolina 	31 	23 	8 	.742 	15.58 	7.93 	13 	5 	16 	3 	7 	5 	2367 	2130 		69.8 	97.7 	.407 	.343 	.502 	46.5 	46.0 	8.5 	10.7 	.462 	16.8 	31.6 	.274
215 	North Dakota State 	30 	24 	6 	.800 	6.93 	-0.51 	12 	2 	13 	1 	11 	5 	2308 	1969 		64.4 	101.9 	.394 	.347 	.537 	45.9 	51.1 	8.1 	5.4 	.490 	16.4 	29.4 	.295
216 	North Dakota 	30 	15 	15 	.500 	-5.93 	-3.08 	12 	8 	11 	4 	4 	11 	2226 	2219 		68.9 	107.4 	.472 	.260 	.578 	51.8 	44.8 	7.8 	8.4 	.535 	19.1 	28.0 	.345
217 	North Florida 	32 	16 	16 	.500 	-7.40 	-3.20 	10 	8 	9 	5 	7 	11 	2318 	2377 		69.2 	106.9 	.400 	.275 	.537 	48.0 	43.9 	11.8 	9.0 	.506 	13.8 	30.8 	.265
218 	North Texas 	30 	15 	15 	.500 	-3.87 	-0.66 	6 	10 	9 	7 	6 	8 	2104 	2185 		70.2 	102.8 	.422 	.301 	.522 	50.4 	44.4 	8.5 	10.1 	.483 	15.3 	29.7 	.289
219 	Northeastern 	32 	11 	21 	.344 	-2.72 	0.09 	7 	9 	4 	8 	7 	13 	2109 	2199 		64.8 	104.9 	.334 	.305 	.537 	48.7 	47.1 	10.2 	12.1 	.508 	15.0 	28.9 	.228
220 	Northern Arizona 	31 	15 	16 	.484 	-5.94 	-3.71 	12 	8 	9 	4 	6 	12 	2084 	2127 		63.8 	106.8 	.399 	.356 	.563 	47.5 	51.2 	9.2 	8.3 	.528 	16.5 	26.8 	.284
221 	Northern Colorado 	29 	17 	12 	.586 	-3.23 	-5.64 	11 	9 	13 	2 	4 	10 	2168 	2040 		64.8 	107.5 	.429 	.335 	.568 	47.6 	51.2 	7.4 	10.1 	.527 	16.7 	28.2 	.312
222 	Northern Illinois 	31 	15 	16 	.484 	-2.84 	-0.68 	8 	10 	10 	7 	5 	9 	1944 	1959 		63.9 	96.9 	.447 	.388 	.509 	46.9 	51.7 	10.1 	11.7 	.470 	18.1 	29.3 	.293
223 	Northern Iowa 	31 	16 	15 	.516 	5.57 	3.14 	10 	8 	11 	3 	5 	12 	2256 	2149 		65.6 	104.9 	.373 	.362 	.545 	50.6 	46.4 	8.9 	8.2 	.508 	15.3 	27.4 	.267
224 	Northern Kentucky 	30 	9 	21 	.300 	-10.51 	-4.95 	5 	13 	7 	9 	2 	12 	2044 	2211 		64.3 	113.2 	.488 	.338 	.572 	52.3 	46.5 	8.8 	11.5 	.533 	14.7 	30.8 	.342
225 	Northwestern State 	29 	16 	13 	.552 	-3.52 	-4.33 	12 	6 	10 	3 	6 	10 	2520 	2442 		78.2 	105.9 	.417 	.312 	.544 	51.8 	54.3 	8.6 	7.9 	.510 	17.9 	37.7 	.282
226 	Northwestern 	31 	13 	18 	.419 	4.59 	8.34 	6 	12 	8 	10 	5 	8 	1846 	1962 		62.8 	99.9 	.392 	.300 	.497 	52.9 	55.5 	9.7 	10.5 	.460 	14.2 	31.1 	.258
227 	Notre Dame 	31 	15 	16 	.484 	9.05 	7.21 	6 	12 	13 	7 	2 	9 	2234 	2177 		64.0 	107.7 	.310 	.330 	.546 	48.9 	57.0 	9.2 	9.7 	.509 	14.5 	30.2 	.233
228 	Oakland 	33 	13 	20 	.394 	-1.83 	3.18 	7 	9 	10 	7 	3 	13 	2455 	2554 		68.8 	111.2 	.424 	.403 	.595 	53.8 	61.5 	8.0 	10.8 	.563 	17.7 	26.7 	.304
229 	Ohio State 	31 	23 	8 	.742 	19.12 	8.22 	10 	8 	17 	3 	6 	5 	2170 	1832 		64.8 	90.4 	.293 	.316 	.485 	50.2 	42.5 	5.6 	8.2 	.448 	19.4 	30.9 	.209
230 	Ohio 	32 	22 	10 	.688 	3.69 	-0.66 	11 	7 	12 	6 	10 	4 	2297 	2134 		66.4 	98.6 	.423 	.316 	.505 	49.4 	49.9 	10.2 	6.8 	.458 	16.3 	33.9 	.297
231 	Oklahoma State 	31 	20 	11 	.645 	20.00 	8.39 	8 	10 	14 	3 	6 	8 	2501 	2141 		69.8 	97.0 	.398 	.336 	.500 	50.8 	46.6 	8.8 	9.6 	.458 	17.2 	35.2 	.273
232 	Oklahoma 	31 	23 	8 	.742 	16.03 	9.39 	12 	6 	16 	3 	7 	5 	2556 	2350 		72.3 	104.0 	.375 	.353 	.531 	49.0 	47.2 	8.2 	8.3 	.493 	15.5 	30.8 	.267
233 	Old Dominion 	31 	15 	16 	.484 	-1.68 	-0.55 	9 	7 	10 	8 	5 	8 	1972 	2007 		64.3 	99.8 	.447 	.322 	.517 	48.7 	51.1 	10.1 	11.1 	.474 	17.0 	29.8 	.305
234 	Oral Roberts 	31 	16 	15 	.516 	-2.11 	-3.87 	10 	8 	9 	4 	7 	11 	2230 	2155 		65.8 	104.8 	.423 	.280 	.526 	47.8 	47.3 	8.6 	7.7 	.485 	14.2 	31.6 	.292
235 	Oregon State 	30 	16 	14 	.533 	7.41 	6.64 	8 	10 	12 	4 	4 	10 	2259 	2236 		68.4 	107.7 	.369 	.305 	.531 	49.2 	55.2 	9.1 	8.3 	.495 	13.4 	36.7 	.259
236 	Oregon 	30 	22 	8 	.733 	16.42 	7.89 	10 	8 	15 	3 	7 	5 	2468 	2212 		70.3 	102.7 	.472 	.320 	.533 	48.9 	50.0 	7.0 	10.4 	.485 	16.8 	34.0 	.336
237 	Pacific 	30 	15 	15 	.500 	2.17 	4.69 	6 	12 	8 	7 	7 	8 	2176 	2238 		67.1 	110.6 	.531 	.376 	.572 	48.1 	58.9 	9.1 	12.3 	.527 	15.3 	27.1 	.379
238 	Penn State 	31 	15 	16 	.484 	8.93 	8.09 	6 	12 	10 	8 	5 	8 	2232 	2206 		66.7 	105.3 	.481 	.364 	.529 	50.1 	54.0 	8.0 	12.3 	.477 	14.2 	30.7 	.346
239 	Pennsylvania 	27 	8 	19 	.296 	-6.38 	0.25 	5 	8 	6 	8 	2 	11 	1846 	2025 		70.2 	106.3 	.493 	.342 	.536 	52.1 	55.7 	10.7 	10.9 	.488 	15.8 	38.2 	.347
240 	Pepperdine 	31 	15 	16 	.484 	1.42 	3.22 	8 	10 	8 	7 	7 	9 	2206 	2247 		66.7 	108.1 	.376 	.327 	.532 	49.8 	56.2 	10.2 	9.7 	.499 	13.3 	35.0 	.255
241 	Pittsburgh 	31 	23 	8 	.742 	16.91 	6.81 	11 	7 	15 	5 	8 	3 	2252 	1939 		62.5 	98.0 	.369 	.338 	.511 	45.2 	54.7 	7.5 	12.2 	.471 	16.8 	30.5 	.260
242 	Portland State 	29 	16 	13 	.552 	-6.34 	-5.26 	11 	9 	12 	5 	4 	8 	2122 	2082 		65.6 	106.7 	.391 	.299 	.562 	52.2 	55.2 	7.6 	8.1 	.525 	17.7 	31.6 	.282
243 	Portland 	31 	15 	16 	.484 	5.43 	2.40 	7 	11 	11 	6 	4 	10 	2327 	2233 		67.2 	104.6 	.439 	.324 	.533 	48.2 	51.8 	10.2 	8.2 	.490 	14.7 	30.5 	.306
244 	Prairie View 	30 	8 	22 	.267 	-18.03 	-6.90 	6 	12 	6 	6 	2 	16 	2091 	2387 		68.7 	111.5 	.516 	.312 	.570 	53.9 	53.9 	9.7 	10.8 	.534 	16.7 	32.6 	.353
245 	Presbyterian 	32 	6 	26 	.188 	-20.69 	-7.49 	2 	14 	5 	9 	1 	17 	2092 	2445 		66.7 	114.6 	.279 	.352 	.559 	54.7 	49.6 	10.2 	7.3 	.535 	13.0 	35.3 	.195
246 	Princeton 	27 	19 	8 	.704 	4.54 	-1.88 	7 	6 	10 	2 	9 	6 	1936 	1739 		64.5 	98.0 	.379 	.290 	.520 	49.7 	45.3 	9.1 	7.9 	.474 	16.7 	25.3 	.280
247 	Providence 	31 	20 	11 	.645 	11.46 	8.01 	10 	8 	14 	3 	6 	8 	2265 	2158 		64.9 	103.1 	.346 	.276 	.524 	47.3 	47.1 	8.5 	7.7 	.490 	14.7 	29.6 	.239
248 	Purdue 	31 	15 	16 	.484 	8.45 	7.77 	5 	13 	13 	6 	2 	10 	2251 	2230 		67.9 	103.5 	.420 	.343 	.523 	47.5 	53.5 	9.6 	13.8 	.478 	14.6 	28.2 	.299
249 	Quinnipiac 	31 	20 	11 	.645 	0.00 	-2.39 	14 	6 	10 	3 	10 	8 	2453 	2379 		71.0 	107.3 	.369 	.279 	.520 	42.5 	46.1 	8.1 	10.4 	.480 	10.6 	27.3 	.261
250 	Radford 	33 	21 	12 	.636 	-7.98 	-9.05 	10 	6 	11 	4 	10 	8 	2574 	2426 		68.8 	106.4 	.381 	.289 	.548 	49.1 	44.3 	7.9 	7.1 	.514 	16.2 	31.2 	.267
251 	Rhode Island 	31 	14 	17 	.452 	3.02 	3.29 	5 	12 	10 	6 	4 	11 	2108 	2113 		67.2 	101.0 	.422 	.281 	.511 	48.2 	44.3 	10.4 	10.8 	.474 	15.1 	31.9 	.281
252 	Rice 	29 	7 	22 	.241 	-9.18 	0.11 	2 	14 	6 	10 	1 	12 	1791 	2020 		65.0 	105.3 	.456 	.335 	.534 	53.8 	55.2 	10.8 	8.3 	.491 	14.8 	29.9 	.319
253 	Richmond 	31 	18 	13 	.581 	5.99 	4.31 	8 	8 	12 	4 	6 	9 	2067 	2015 		64.6 	99.0 	.419 	.308 	.506 	54.1 	45.7 	8.0 	9.5 	.458 	17.3 	33.6 	.295
254 	Rider 	31 	14 	17 	.452 	-4.28 	-1.64 	9 	11 	6 	7 	8 	10 	2292 	2374 		68.2 	110.6 	.438 	.358 	.576 	50.5 	54.7 	9.2 	10.4 	.539 	16.9 	30.0 	.315
255 	Robert Morris 	33 	21 	12 	.636 	-3.19 	-4.01 	14 	2 	12 	2 	9 	10 	2362 	2335 		66.5 	106.1 	.394 	.386 	.550 	50.6 	59.0 	7.9 	12.1 	.516 	17.1 	30.8 	.274
256 	Rutgers 	31 	11 	20 	.355 	1.01 	5.61 	5 	13 	10 	10 	1 	10 	2244 	2355 		69.1 	109.9 	.440 	.350 	.558 	50.2 	54.7 	8.8 	9.8 	.512 	15.4 	30.1 	.325
257 	Sacramento State 	29 	14 	15 	.483 	-7.30 	-4.82 	10 	10 	11 	3 	3 	12 	1994 	2000 		63.7 	107.2 	.497 	.326 	.555 	50.3 	57.3 	8.2 	7.7 	.514 	16.2 	31.0 	.344
258 	Sacred Heart 	31 	5 	26 	.161 	-12.67 	-5.70 	2 	14 	1 	10 	4 	16 	2162 	2378 		68.5 	110.7 	.442 	.365 	.567 	51.4 	52.3 	9.0 	12.4 	.523 	16.1 	29.1 	.328
259 	Saint Francis (PA) 	31 	10 	21 	.323 	-12.90 	-5.35 	7 	9 	5 	8 	5 	13 	1916 	2150 		63.2 	109.8 	.301 	.301 	.558 	54.3 	42.8 	8.2 	9.5 	.524 	15.2 	28.8 	.227
260 	Saint Joseph's 	30 	21 	9 	.700 	8.48 	4.58 	11 	5 	13 	4 	8 	5 	2150 	2033 		66.2 	102.4 	.308 	.348 	.516 	47.8 	57.1 	10.1 	6.0 	.484 	13.8 	30.9 	.215
261 	Saint Louis 	31 	26 	5 	.839 	12.18 	3.55 	13 	3 	14 	4 	12 	1 	2172 	1888 		67.4 	89.6 	.342 	.258 	.473 	48.9 	46.8 	10.4 	10.9 	.431 	18.3 	30.9 	.238
262 	Saint Mary's (CA) 	33 	22 	11 	.667 	9.53 	4.28 	11 	7 	15 	4 	7 	7 	2377 	2171 		63.5 	103.2 	.399 	.259 	.532 	46.6 	45.7 	9.1 	8.8 	.492 	15.7 	29.8 	.282
263 	Saint Peter's 	31 	14 	17 	.452 	-5.83 	-3.22 	9 	11 	8 	5 	6 	12 	1961 	2042 		63.7 	102.6 	.408 	.341 	.518 	50.4 	51.0 	8.8 	9.2 	.476 	15.6 	31.5 	.285
264 	Sam Houston State 	30 	21 	9 	.700 	-4.80 	-8.05 	13 	5 	12 	1 	9 	8 	2316 	2113 		68.0 	101.8 	.503 	.297 	.540 	48.4 	61.0 	8.8 	8.6 	.490 	18.5 	30.4 	.359
265 	Samford 	33 	13 	20 	.394 	-14.73 	-7.23 	6 	10 	10 	4 	3 	16 	2327 	2521 		67.9 	112.1 	.465 	.329 	.559 	52.2 	54.5 	9.0 	10.7 	.524 	14.8 	35.9 	.317
266 	San Diego State 	30 	27 	3 	.900 	14.76 	4.40 	16 	2 	15 	1 	12 	2 	2140 	1715 		64.9 	87.6 	.300 	.323 	.465 	46.3 	48.1 	6.9 	11.7 	.431 	18.8 	29.3 	.200
267 	San Diego 	32 	16 	16 	.500 	2.85 	3.05 	7 	11 	10 	8 	6 	8 	2138 	2071 		63.5 	101.9 	.361 	.339 	.518 	49.7 	52.1 	9.2 	8.6 	.482 	15.7 	32.5 	.250
268 	San Francisco 	32 	21 	11 	.656 	6.70 	4.74 	13 	5 	13 	5 	8 	6 	2406 	2286 		66.3 	106.0 	.409 	.353 	.539 	48.1 	46.6 	8.3 	9.0 	.500 	15.2 	30.9 	.286
269 	San Jose State 	30 	7 	23 	.233 	-6.93 	3.35 	1 	17 	4 	9 	3 	14 	1886 	2139 		65.5 	107.5 	.447 	.348 	.527 	51.1 	55.6 	9.8 	10.2 	.490 	12.9 	30.7 	.298
270 	Santa Clara 	33 	14 	19 	.424 	1.40 	3.53 	6 	12 	8 	8 	6 	11 	2340 	2325 		65.6 	107.0 	.459 	.245 	.548 	52.7 	50.1 	6.9 	8.0 	.502 	16.0 	29.8 	.331
271 	Savannah State 	31 	13 	18 	.419 	-9.04 	-5.04 	10 	6 	8 	5 	5 	13 	1921 	2000 		65.5 	97.3 	.495 	.292 	.508 	51.2 	52.1 	10.7 	11.1 	.454 	19.2 	34.9 	.346
272 	Seattle 	29 	13 	16 	.448 	-5.74 	-4.00 	5 	11 	7 	7 	6 	9 	2071 	2049 		68.6 	101.7 	.471 	.345 	.530 	46.1 	53.1 	10.0 	8.6 	.480 	16.4 	28.4 	.337
273 	Seton Hall 	31 	15 	16 	.484 	8.05 	5.76 	6 	12 	11 	8 	4 	8 	2253 	2182 		66.3 	104.1 	.411 	.330 	.546 	50.3 	50.5 	8.2 	10.5 	.504 	16.4 	29.5 	.296
274 	Siena 	32 	15 	17 	.469 	-2.34 	-0.62 	11 	9 	10 	4 	5 	13 	2237 	2292 		67.6 	104.3 	.523 	.312 	.520 	48.2 	47.3 	10.1 	13.5 	.473 	15.8 	35.9 	.353
275 	South Alabama 	31 	11 	20 	.355 	-4.66 	-0.09 	5 	13 	10 	6 	1 	14 	2136 	2182 		66.7 	103.9 	.403 	.303 	.523 	49.3 	46.5 	7.7 	9.3 	.485 	14.8 	29.4 	.277
276 	South Carolina State 	30 	9 	21 	.300 	-16.98 	-5.73 	5 	11 	7 	6 	2 	15 	1883 	2180 		66.6 	107.2 	.432 	.345 	.540 	50.3 	52.9 	10.6 	10.8 	.502 	15.7 	31.8 	.298
277 	South Carolina Upstate 	33 	19 	14 	.576 	-2.05 	-4.82 	11 	7 	13 	2 	6 	12 	2432 	2286 		67.1 	101.9 	.373 	.410 	.520 	47.0 	54.7 	9.1 	8.0 	.477 	16.0 	31.2 	.272
278 	South Carolina 	31 	12 	19 	.387 	4.81 	6.68 	5 	13 	9 	7 	3 	12 	2134 	2192 		67.2 	105.1 	.573 	.353 	.542 	48.2 	56.9 	11.5 	14.3 	.494 	17.3 	32.7 	.391
279 	South Dakota State 	31 	19 	12 	.613 	0.81 	-1.27 	10 	4 	11 	3 	8 	9 	2250 	2126 		67.2 	102.1 	.365 	.321 	.540 	45.9 	48.0 	10.1 	7.5 	.503 	15.1 	22.7 	.261
280 	South Dakota 	30 	12 	18 	.400 	-6.43 	-0.17 	6 	8 	10 	4 	2 	14 	2084 	2152 		66.9 	106.9 	.370 	.340 	.542 	50.5 	52.6 	9.2 	8.8 	.504 	14.4 	31.2 	.267
281 	South Florida 	31 	12 	19 	.387 	-0.17 	4.99 	3 	15 	7 	10 	5 	9 	2032 	2192 		66.0 	105.8 	.332 	.301 	.531 	50.0 	52.6 	10.1 	11.6 	.497 	15.0 	32.6 	.235
282 	Southeast Missouri State 	32 	18 	14 	.563 	-5.55 	-6.65 	8 	8 	11 	4 	7 	10 	2654 	2514 		71.8 	108.0 	.426 	.348 	.556 	47.2 	51.1 	9.3 	5.9 	.511 	14.8 	30.3 	.314
283 	Southeastern Louisiana 	29 	12 	17 	.414 	-12.46 	-7.13 	7 	11 	8 	5 	4 	12 	2021 	2101 		66.5 	107.9 	.429 	.299 	.538 	53.2 	52.8 	8.0 	8.7 	.503 	14.2 	34.6 	.289
284 	Southern California 	31 	11 	20 	.355 	3.19 	8.69 	2 	16 	9 	10 	2 	10 	2202 	2351 		70.6 	106.0 	.379 	.348 	.522 	49.7 	56.8 	10.6 	10.6 	.485 	13.4 	34.7 	.260
285 	SIU Edwardsville 	31 	11 	20 	.355 	-10.56 	-5.29 	7 	9 	9 	6 	2 	14 	2264 	2364 		69.1 	109.9 	.406 	.311 	.579 	52.3 	52.4 	9.6 	8.0 	.550 	17.7 	31.6 	.279
286 	Southern Illinois 	33 	14 	19 	.424 	-0.22 	0.47 	9 	9 	10 	6 	4 	13 	2208 	2208 		63.6 	104.7 	.430 	.396 	.546 	48.5 	53.6 	8.9 	11.7 	.504 	17.5 	30.6 	.307
287 	Southern Methodist 	31 	23 	8 	.742 	14.07 	4.55 	12 	6 	17 	2 	6 	6 	2220 	1925 		66.6 	93.3 	.412 	.391 	.485 	46.4 	56.5 	12.3 	11.0 	.436 	18.1 	36.9 	.286
288 	Southern Mississippi 	31 	26 	5 	.839 	6.97 	-1.24 	13 	3 	14 	0 	12 	5 	2252 	1933 		65.3 	95.1 	.455 	.443 	.531 	45.2 	65.5 	8.9 	11.8 	.500 	22.1 	30.0 	.291
289 	Southern Utah 	29 	2 	27 	.069 	-19.22 	-2.51 	1 	19 	2 	11 	0 	16 	1710 	2171 		65.1 	114.6 	.574 	.283 	.580 	55.7 	47.2 	10.5 	8.2 	.531 	14.8 	31.6 	.414
290 	Southern 	31 	19 	12 	.613 	-2.75 	-7.25 	15 	3 	10 	4 	9 	8 	2232 	1942 		68.2 	91.0 	.514 	.323 	.471 	47.3 	42.1 	9.0 	8.9 	.418 	16.5 	31.6 	.336
291 	St. Bonaventure 	30 	16 	14 	.533 	6.20 	2.40 	6 	10 	11 	4 	5 	10 	2220 	2106 		68.8 	102.0 	.452 	.334 	.544 	47.6 	51.5 	8.8 	10.1 	.503 	19.0 	30.6 	.318
292 	St. Francis (NY) 	32 	18 	14 	.563 	-4.34 	-5.60 	9 	7 	10 	3 	8 	11 	2207 	2139 		67.0 	98.7 	.432 	.265 	.508 	47.8 	47.3 	9.2 	8.2 	.454 	16.0 	29.1 	.315
293 	St. John's (NY) 	31 	20 	11 	.645 	13.45 	7.48 	10 	8 	14 	5 	6 	6 	2251 	2066 		67.0 	97.6 	.374 	.322 	.503 	49.5 	51.3 	7.9 	8.0 	.461 	16.9 	32.2 	.265
294 	Stanford 	30 	19 	11 	.633 	13.90 	8.77 	10 	8 	12 	4 	7 	7 	2214 	2060 		67.6 	101.2 	.366 	.336 	.520 	48.5 	57.3 	8.0 	7.2 	.479 	15.1 	30.1 	.261
295 	Stephen F. Austin 	31 	29 	2 	.935 	4.58 	-8.22 	18 	0 	15 	0 	14 	2 	2371 	1940 		65.9 	94.6 	.534 	.252 	.543 	46.1 	47.2 	7.8 	9.8 	.496 	22.7 	24.7 	.367
296 	Stetson 	31 	7 	24 	.226 	-15.77 	-4.93 	5 	13 	6 	7 	1 	17 	1916 	2252 		64.1 	112.7 	.375 	.359 	.566 	54.9 	55.6 	10.4 	10.6 	.533 	16.1 	34.4 	.269
297 	Stony Brook 	32 	23 	9 	.719 	-0.77 	-6.48 	13 	3 	12 	3 	11 	6 	2311 	2118 		66.6 	98.7 	.412 	.417 	.525 	45.7 	56.2 	10.2 	11.4 	.482 	17.1 	27.3 	.291
298 	Syracuse 	31 	27 	4 	.871 	16.72 	7.68 	14 	4 	16 	2 	11 	2 	2118 	1838 		60.4 	97.4 	.363 	.412 	.514 	47.3 	63.9 	7.0 	10.7 	.482 	19.2 	29.9 	.242
299 	Temple 	30 	9 	21 	.300 	3.10 	7.30 	4 	14 	4 	10 	5 	11 	2201 	2327 		68.4 	111.9 	.369 	.288 	.556 	51.3 	52.0 	8.4 	11.0 	.527 	13.6 	30.5 	.253
300 	Tennessee-Martin 	31 	8 	23 	.258 	-13.38 	-4.76 	3 	13 	5 	10 	3 	13 	2304 	2526 		71.2 	114.4 	.495 	.308 	.611 	53.5 	60.3 	8.6 	11.7 	.579 	17.6 	25.4 	.351
301 	Tennessee State 	30 	5 	25 	.167 	-9.91 	-2.08 	4 	12 	3 	11 	2 	14 	2061 	2265 		66.8 	112.5 	.512 	.339 	.567 	50.5 	50.1 	8.5 	10.9 	.521 	14.5 	30.3 	.369
302 	Tennessee Tech 	33 	17 	16 	.515 	-8.14 	-4.63 	9 	7 	10 	5 	7 	11 	2376 	2376 		69.0 	104.3 	.518 	.312 	.552 	47.7 	51.0 	10.6 	7.2 	.504 	18.1 	30.6 	.368
303 	Tennessee 	31 	20 	11 	.645 	16.52 	7.05 	11 	7 	16 	4 	4 	7 	2246 	1915 		63.2 	97.4 	.337 	.276 	.497 	43.7 	45.1 	8.2 	10.2 	.459 	15.0 	27.6 	.235
304 	Texas A&M-Corpus Christi 	31 	17 	14 	.548 	-5.62 	-6.75 	14 	4 	10 	7 	7 	7 	2145 	2083 		64.3 	104.1 	.454 	.345 	.533 	47.8 	54.2 	8.8 	12.3 	.493 	16.4 	33.2 	.311
305 	Texas A&M 	31 	17 	14 	.548 	5.73 	3.69 	8 	10 	16 	3 	1 	11 	2002 	1939 		64.1 	96.3 	.386 	.362 	.495 	51.9 	56.2 	9.1 	12.0 	.454 	17.3 	33.1 	.263
306 	Texas-Arlington 	30 	14 	16 	.467 	-4.63 	-0.45 	9 	9 	9 	5 	5 	11 	2290 	2332 		70.5 	108.0 	.420 	.413 	.548 	49.3 	53.2 	9.1 	10.2 	.517 	15.1 	31.0 	.282
307 	Texas Christian 	30 	9 	21 	.300 	-1.08 	8.19 	0 	18 	6 	10 	3 	11 	1905 	2171 		66.8 	108.4 	.355 	.336 	.534 	56.5 	62.5 	8.4 	8.9 	.499 	15.7 	38.9 	.251
308 	Texas-El Paso 	31 	22 	9 	.710 	5.18 	0.25 	12 	4 	13 	5 	9 	4 	2158 	1959 		65.3 	95.9 	.388 	.351 	.471 	48.6 	50.9 	9.6 	6.8 	.430 	14.7 	40.6 	.256
309 	Texas-Pan American 	31 	9 	22 	.290 	-9.88 	-4.12 	5 	11 	3 	10 	6 	12 	2038 	2179 		67.0 	102.8 	.477 	.366 	.536 	52.9 	59.8 	8.8 	10.9 	.495 	18.3 	31.3 	.325
310 	Texas-San Antonio 	29 	8 	21 	.276 	-10.84 	-0.49 	4 	12 	7 	9 	1 	12 	1990 	2225 		68.2 	112.0 	.432 	.377 	.566 	49.2 	56.5 	10.8 	13.0 	.538 	15.0 	32.0 	.288
311 	Texas Southern 	30 	16 	14 	.533 	-8.14 	-9.00 	12 	6 	9 	2 	7 	12 	2285 	2243 		68.3 	107.6 	.280 	.305 	.536 	47.9 	51.7 	9.3 	9.3 	.510 	13.8 	33.3 	.194
312 	Texas State 	31 	8 	23 	.258 	-7.31 	-0.96 	4 	14 	6 	9 	2 	14 	1903 	2047 		63.3 	103.9 	.418 	.336 	.552 	48.8 	50.0 	10.4 	9.6 	.514 	17.2 	26.8 	.296
313 	Texas Tech 	31 	14 	17 	.452 	9.47 	8.89 	6 	12 	11 	6 	3 	11 	2128 	2110 		63.6 	106.5 	.409 	.369 	.542 	47.7 	48.5 	9.2 	10.8 	.496 	15.7 	33.2 	.302
314 	Texas 	31 	22 	9 	.710 	13.37 	9.01 	11 	7 	16 	2 	6 	7 	2311 	2176 		69.9 	100.1 	.413 	.359 	.504 	45.0 	53.4 	9.3 	9.3 	.461 	14.5 	29.0 	.283
315 	Toledo 	31 	26 	5 	.839 	4.38 	-1.29 	14 	4 	15 	0 	11 	5 	2499 	2282 		69.1 	105.6 	.339 	.338 	.552 	47.8 	50.4 	8.2 	9.7 	.522 	17.5 	31.0 	.239
316 	Towson 	33 	23 	10 	.697 	1.29 	-2.75 	13 	3 	15 	2 	8 	8 	2414 	2255 		65.2 	104.3 	.397 	.316 	.493 	46.2 	48.3 	7.4 	9.3 	.450 	11.1 	37.3 	.270
317 	Troy 	30 	11 	19 	.367 	-5.19 	-2.26 	6 	12 	8 	7 	3 	12 	2060 	2097 		65.7 	104.7 	.312 	.335 	.528 	49.9 	54.2 	8.8 	8.2 	.497 	15.6 	31.5 	.218
318 	Tulane 	31 	16 	15 	.516 	-7.85 	-1.65 	8 	8 	12 	6 	4 	9 	1994 	2170 		63.6 	109.6 	.397 	.365 	.541 	50.4 	59.9 	10.3 	10.0 	.509 	14.4 	33.7 	.268
319 	Tulsa 	30 	18 	12 	.600 	5.92 	0.86 	13 	3 	11 	3 	7 	9 	2197 	2045 		69.0 	98.0 	.488 	.333 	.514 	49.6 	50.8 	8.5 	9.2 	.465 	17.6 	29.7 	.336
320 	UCLA 	31 	23 	8 	.742 	17.73 	7.15 	12 	6 	16 	2 	7 	6 	2541 	2213 		70.7 	100.2 	.372 	.418 	.533 	48.7 	56.6 	7.7 	8.4 	.501 	18.2 	30.4 	.252
321 	Utah State 	30 	17 	13 	.567 	6.10 	3.27 	7 	11 	13 	5 	4 	8 	2103 	1990 		62.8 	104.7 	.346 	.340 	.513 	45.2 	53.0 	8.2 	10.9 	.472 	11.0 	28.0 	.250
322 	Utah Valley 	29 	19 	10 	.655 	-4.32 	-3.39 	13 	3 	13 	2 	6 	8 	1945 	1879 		63.8 	101.1 	.351 	.327 	.508 	49.4 	48.7 	9.5 	9.8 	.479 	14.7 	32.0 	.227
323 	Utah 	30 	20 	10 	.667 	14.65 	6.15 	9 	9 	18 	2 	2 	8 	2315 	1920 		67.0 	94.3 	.341 	.317 	.491 	47.0 	45.6 	8.8 	8.3 	.456 	16.6 	32.9 	.228
324 	Valparaiso 	33 	18 	15 	.545 	0.46 	-0.07 	9 	7 	12 	5 	6 	10 	2383 	2225 		66.7 	100.0 	.425 	.324 	.497 	46.8 	57.0 	10.7 	9.8 	.448 	14.1 	38.2 	.298
325 	Vanderbilt 	30 	15 	15 	.500 	6.41 	6.95 	7 	11 	10 	6 	5 	9 	1934 	1950 		64.3 	100.4 	.355 	.338 	.484 	51.0 	47.2 	10.8 	9.8 	.451 	13.8 	40.3 	.229
326 	Vermont 	32 	22 	10 	.688 	4.81 	-4.83 	15 	1 	10 	2 	12 	8 	2278 	1937 		64.2 	94.0 	.393 	.331 	.495 	46.0 	48.1 	8.7 	10.0 	.447 	17.4 	30.6 	.282
327 	Villanova 	31 	28 	3 	.903 	20.68 	8.32 	16 	2 	15 	1 	13 	2 	2450 	2067 		67.5 	96.8 	.394 	.326 	.507 	47.3 	54.2 	8.3 	6.2 	.464 	17.7 	31.6 	.277
328 	Virginia Commonwealth 	31 	24 	7 	.774 	14.71 	4.68 	12 	4 	16 	0 	8 	7 	2343 	2032 		71.1 	91.2 	.396 	.299 	.512 	49.8 	47.6 	8.4 	11.3 	.475 	22.8 	27.1 	.266
329 	VMI 	31 	19 	12 	.613 	-6.82 	-7.34 	11 	5 	13 	2 	6 	10 	2718 	2531 		75.8 	105.2 	.352 	.268 	.514 	50.5 	45.7 	7.5 	7.8 	.474 	14.3 	34.2 	.252
330 	Virginia Tech 	30 	9 	21 	.300 	2.05 	6.15 	2 	16 	8 	10 	1 	11 	1897 	2020 		63.9 	104.1 	.333 	.400 	.500 	47.9 	55.3 	9.7 	10.7 	.470 	11.2 	31.8 	.220
331 	Virginia 	31 	25 	6 	.806 	18.03 	7.16 	16 	2 	15 	2 	10 	4 	2055 	1718 		60.8 	90.7 	.333 	.349 	.475 	45.0 	49.9 	8.2 	10.7 	.439 	16.8 	27.3 	.223
332 	Wagner 	31 	19 	12 	.613 	-3.49 	-6.39 	12 	4 	10 	3 	9 	9 	2217 	2122 		69.5 	97.7 	.437 	.322 	.493 	48.4 	45.4 	9.0 	10.3 	.440 	16.0 	32.5 	.311
333 	Wake Forest 	31 	16 	15 	.516 	5.81 	6.59 	6 	12 	14 	4 	2 	11 	2164 	2188 		67.6 	104.1 	.395 	.311 	.513 	51.0 	50.4 	9.7 	9.2 	.474 	14.6 	36.8 	.270
334 	Washington State 	30 	10 	20 	.333 	2.04 	7.77 	3 	15 	7 	8 	3 	12 	1871 	2007 		63.2 	105.1 	.439 	.324 	.543 	50.5 	50.8 	9.1 	7.6 	.508 	15.4 	25.1 	.297
335 	Washington 	31 	17 	14 	.548 	6.94 	6.94 	9 	9 	14 	4 	3 	10 	2323 	2323 		68.8 	108.0 	.412 	.271 	.552 	48.6 	44.7 	7.9 	9.9 	.518 	14.3 	28.0 	.284
336 	Weber State 	28 	17 	11 	.607 	-1.28 	-4.39 	14 	6 	12 	2 	5 	9 	2041 	1863 		64.8 	101.3 	.344 	.229 	.501 	47.2 	47.0 	8.1 	4.1 	.461 	12.5 	34.0 	.244
337 	West Virginia 	31 	17 	14 	.548 	13.18 	8.25 	9 	9 	12 	6 	5 	8 	2432 	2279 		68.8 	106.0 	.409 	.339 	.537 	50.2 	50.9 	6.7 	10.3 	.504 	16.0 	31.6 	.275
338 	Western Carolina 	34 	19 	15 	.559 	-6.56 	-6.24 	10 	6 	11 	3 	8 	12 	2524 	2469 		68.1 	105.0 	.545 	.318 	.551 	48.9 	49.4 	8.7 	7.3 	.502 	17.5 	28.2 	.383
339 	Western Illinois 	30 	10 	20 	.333 	-6.79 	-1.98 	4 	10 	7 	5 	3 	15 	1838 	1880 		62.5 	99.4 	.441 	.329 	.525 	50.4 	54.6 	11.3 	8.8 	.477 	17.2 	29.1 	.315
340 	Western Kentucky 	31 	20 	11 	.645 	-1.34 	-1.24 	12 	6 	13 	4 	7 	7 	2124 	2089 		66.6 	100.0 	.422 	.304 	.529 	47.3 	46.2 	10.0 	12.0 	.483 	17.1 	25.5 	.304
341 	Western Michigan 	30 	21 	9 	.700 	1.79 	-1.69 	14 	4 	13 	2 	8 	7 	2158 	2021 		66.8 	99.6 	.351 	.390 	.510 	48.5 	52.7 	10.8 	9.1 	.468 	16.5 	37.2 	.254
342 	Wichita State 	34 	34 	0 	1.000 	16.66 	1.60 	18 	0 	17 	0 	17 	0 	2566 	2026 		64.7 	91.8 	.352 	.354 	.481 	44.4 	48.1 	7.1 	7.6 	.447 	16.7 	27.8 	.230
343 	William & Mary 	32 	20 	12 	.625 	-1.18 	-1.98 	10 	6 	10 	4 	10 	8 	2340 	2281 		64.7 	109.8 	.296 	.329 	.550 	52.1 	46.3 	9.0 	8.2 	.521 	13.8 	32.0 	.213
344 	Winthrop 	33 	20 	13 	.606 	-6.58 	-6.71 	10 	6 	12 	3 	8 	10 	2442 	2355 		67.4 	103.8 	.426 	.322 	.556 	51.3 	49.3 	9.2 	11.7 	.519 	18.3 	28.6 	.299
345 	Wisconsin 	31 	25 	6 	.806 	18.69 	9.72 	12 	6 	14 	3 	11 	3 	2269 	1991 		63.8 	100.7 	.249 	.250 	.504 	49.1 	38.8 	6.6 	6.9 	.473 	13.7 	29.6 	.181
346 	Wofford 	32 	20 	12 	.625 	-4.34 	-6.62 	11 	5 	9 	4 	11 	8 	2165 	1997 		63.3 	98.2 	.407 	.289 	.524 	48.8 	44.1 	8.7 	9.7 	.487 	18.0 	25.9 	.276
347 	Wright State 	33 	20 	13 	.606 	0.53 	-2.57 	10 	6 	13 	2 	7 	11 	2229 	2050 		66.1 	94.0 	.437 	.336 	.528 	52.0 	51.5 	9.0 	10.2 	.481 	21.9 	30.7 	.312
348 	Wyoming 	31 	18 	13 	.581 	5.59 	2.69 	9 	9 	14 	4 	4 	9 	2020 	1905 		60.5 	100.0 	.319 	.351 	.499 	53.1 	41.7 	6.9 	7.3 	.461 	14.5 	38.5 	.228
349 	Xavier 	31 	20 	11 	.645 	13.24 	8.53 	10 	8 	15 	2 	5 	9 	2237 	2091 		66.1 	101.3 	.398 	.359 	.516 	46.5 	61.5 	8.7 	13.6 	.482 	14.8 	31.0 	.263
350 	Yale 	28 	15 	13 	.536 	-2.06 	-1.09 	9 	5 	8 	4 	7 	9 	1865 	1852 		64.8 	101.5 	.422 	.345 	.540 	46.5 	50.9 	10.0 	10.5 	.499 	17.1 	25.6 	.299
351 	Youngstown State 	32 	15 	17 	.469 	-1.90 	-0.87 	6 	10 	11 	4 	4 	13 	2461 	2370 		68.8 	105.6 	.408 	.329 	.552 	50.7 	54.7 	8.5 	6.2 	.512 	16.7 	28.9 	.293
