,,Overall,Overall,Overall,Overall,Overall,Overall,Conf.,Conf.,Home,Home,Away,Away,Points,Points,,School Totals,School Totals,School Totals,School Totals,School Totals,School Totals,School Totals,School Totals,School Totals,School Totals,School Totals,School Totals,School Totals,School Totals,School Totals,School Totals,School Totals
Rk,School,G,W,L,W-L%,SRS,SOS,W,L,W,L,W,L,Tm.,Opp.,,MP,FG,FGA,FG%,3P,3PA,3P%,FT,FTA,FT%,ORB,TRB,AST,STL,BLK,TOV,PF
1,Abilene Christian,31,13,18,.419,-13.69,-7.29,8,10,10,5,2,12,2209,2272,,1250,771,1704,.452,209,570,.367,458,653,.701,269,991,422,233,78,418,681
2,Air Force,32,14,18,.438,-5.46,0.70,5,13,12,5,2,13,2189,2330,,1300,752,1758,.428,202,596,.339,483,707,.683,283,1107,420,196,58,422,617
3,Akron,33,26,7,.788,6.17,-1.42,13,5,15,0,6,7,2558,2245,,1320,865,1982,.436,387,994,.389,441,637,.692,351,1236,480,177,130,358,591
4,Alabama A&M,29,11,18,.379,-13.21,-10.50,6,12,6,5,4,12,1974,2042,,1175,681,1632,.417,175,599,.292,439,642,.684,330,1000,366,163,61,338,561
5,Alabama-Birmingham,32,26,6,.813,3.91,-3.45,16,2,16,0,10,3,2527,2226,,1300,916,1910,.480,238,642,.371,457,637,.717,359,1231,590,207,196,400,566
6,Alabama State,31,14,17,.452,-12.79,-9.03,9,9,8,3,5,12,2217,2308,,1260,788,1918,.411,215,647,.332,426,623,.684,389,1154,372,181,107,371,646
7,Alabama,32,18,14,.563,7.88,8.85,8,10,10,4,5,7,2139,2170,,1290,721,1690,.427,251,732,.343,446,697,.640,313,1110,338,180,168,426,617
8,Albany (NY),32,24,8,.750,1.20,-7.70,13,3,14,1,10,7,2405,2086,,1290,812,1770,.459,180,561,.321,601,803,.748,376,1228,399,212,52,404,560
9,Alcorn State,30,15,15,.500,-15.74,-9.67,13,5,9,2,6,9,2014,2164,,1225,691,1692,.408,174,566,.307,458,676,.678,384,1072,272,134,111,427,548
10,American,31,12,19,.387,-13.87,-5.78,9,9,5,7,7,12,1785,2036,,1250,631,1487,.424,195,572,.341,328,471,.696,218,874,348,176,69,422,566
11,Appalachian State,31,9,22,.290,-7.71,-0.90,7,13,6,7,2,12,2187,2398,,1240,719,1795,.401,256,720,.356,493,701,.703,393,1142,357,127,103,461,666
12,Arizona State,32,15,17,.469,8.67,9.36,5,13,11,6,3,9,2345,2367,,1290,796,1919,.415,254,757,.336,499,726,.687,394,1177,405,170,86,384,649
13,Arizona,33,25,8,.758,19.48,7.27,12,6,17,1,5,5,2680,2277,,1350,926,1922,.482,215,562,.383,613,848,.723,384,1329,478,162,158,421,599
14,Arkansas-Little Rock,31,27,4,.871,6.59,-3.10,17,3,14,0,12,4,2199,1853,,1245,782,1723,.454,235,607,.387,400,541,.739,289,1056,405,200,101,327,576
15,Arkansas-Pine Bluff,33,8,25,.242,-18.94,-5.15,6,12,3,6,4,17,1867,2322,,1325,674,1722,.391,202,666,.303,317,519,.611,322,1004,317,235,123,515,723
16,Arkansas State,31,11,20,.355,-7.29,-2.18,7,13,9,6,2,14,2282,2353,,1260,770,1873,.411,180,570,.316,562,766,.734,334,1243,381,157,136,398,613
17,Arkansas,32,16,16,.500,10.73,7.26,9,9,13,4,3,8,2501,2390,,1305,883,1992,.443,216,544,.397,519,748,.694,374,1187,518,233,165,356,687
18,Army,32,19,13,.594,-6.69,-7.98,9,9,7,8,11,5,2474,2395,,1310,870,2020,.431,284,844,.336,450,647,.696,396,1301,488,160,117,433,612
19,Auburn,31,11,20,.355,0.60,7.99,5,13,8,7,2,11,2192,2421,,1245,724,1820,.398,272,799,.340,472,746,.633,346,1134,352,166,126,427,658
20,Austin Peay,35,18,17,.514,-5.83,-3.47,7,9,7,7,7,9,2661,2660,,1420,920,1988,.463,219,630,.348,602,899,.670,407,1289,473,242,101,489,610
,,Overall,Overall,Overall,Overall,Overall,Overall,Conf.,Conf.,Home,Home,Away,Away,Points,Points,,School Totals,School Totals,School Totals,School Totals,School Totals,School Totals,School Totals,School Totals,School Totals,School Totals,School Totals,School Totals,School Totals,School Totals,School Totals,School Totals,School Totals
Rk,School,G,W,L,W-L%,SRS,SOS,W,L,W,L,W,L,Tm.,Opp.,,MP,FG,FGA,FG%,3P,3PA,3P%,FT,FTA,FT%,ORB,TRB,AST,STL,BLK,TOV,PF
21,Ball State,32,19,13,.594,0.33,-2.86,10,8,12,6,5,7,2251,2116,,1295,777,1738,.447,275,735,.374,422,612,.690,291,1147,471,177,120,413,606
22,Baylor,33,22,11,.667,17.03,10.34,10,8,15,5,6,5,2546,2287,,1335,903,1935,.467,204,556,.367,536,737,.727,453,1235,587,260,133,425,636
23,Belmont,31,20,11,.645,1.31,-2.39,12,4,11,1,8,9,2554,2417,,1245,888,1794,.495,324,894,.362,454,629,.722,266,1077,532,140,77,438,615
24,Bethune-Cookman,32,14,18,.438,-13.96,-8.79,10,6,9,2,5,13,2258,2330,,1295,799,1932,.414,249,787,.316,411,597,.688,407,1186,371,197,191,412,601
25,Binghamton,30,8,22,.267,-13.88,-6.15,5,11,5,9,3,13,1827,2059,,1205,629,1614,.390,171,599,.285,398,584,.682,273,1023,333,161,68,418,558
26,Boise State,32,20,12,.625,7.26,3.16,11,7,14,2,5,7,2480,2246,,1290,842,1859,.453,261,788,.331,535,755,.709,315,1110,430,209,64,371,622
27,Boston College,32,7,25,.219,-1.41,7.87,0,18,6,11,0,10,1959,2256,,1285,717,1752,.409,230,712,.323,295,453,.651,243,997,410,181,93,427,579
28,Boston University,32,18,14,.563,-6.64,-6.45,11,7,9,6,9,8,2342,2315,,1295,813,1787,.455,252,694,.363,464,649,.715,293,1153,432,183,122,435,609
29,Bowling Green State,34,16,18,.471,-5.65,-1.62,5,13,7,8,7,8,2400,2457,,1360,849,1913,.444,203,563,.361,499,761,.656,346,1238,398,209,113,430,655
30,Bradley,32,5,27,.156,-10.86,3.76,3,15,4,11,1,12,1793,2238,,1290,606,1596,.380,165,590,.280,416,628,.662,277,1083,292,142,87,540,744
31,Brigham Young,33,23,10,.697,12.14,1.67,13,5,14,2,6,6,2758,2382,,1325,979,2118,.462,294,774,.380,506,735,.688,398,1356,545,219,140,383,624
32,Brown,28,8,20,.286,-8.04,-2.82,3,11,7,6,1,13,2040,2155,,1140,697,1625,.429,225,639,.352,421,600,.702,272,1019,414,150,114,373,543
33,Bryant,31,8,23,.258,-18.24,-6.38,5,13,4,10,4,13,2018,2361,,1250,755,1798,.420,198,615,.322,310,482,.643,300,1048,415,176,83,418,591
34,Bucknell,30,17,13,.567,-1.69,-5.97,14,4,8,7,9,6,2368,2198,,1225,803,1725,.466,223,608,.367,539,754,.715,311,1101,475,197,98,414,641
35,Buffalo,33,19,14,.576,1.10,0.50,10,8,10,5,5,9,2573,2494,,1330,869,1976,.440,243,722,.337,592,837,.707,405,1289,425,227,119,450,715
36,Butler,31,21,10,.677,16.28,6.86,10,8,13,3,5,5,2498,2206,,1245,868,1864,.466,220,569,.387,542,741,.731,354,1132,445,210,104,320,615
37,Cal Poly,30,10,20,.333,-3.17,1.22,4,12,5,7,3,12,2171,2255,,1220,755,1812,.417,238,681,.349,423,626,.676,352,1095,425,163,96,309,602
38,Cal State Bakersfield,31,23,8,.742,2.63,-6.05,11,3,14,1,7,7,2280,1968,,1250,826,1827,.452,169,491,.344,459,699,.657,388,1192,493,252,159,379,664
39,Cal State Fullerton,30,10,20,.333,-6.86,-0.50,3,13,5,8,5,9,2104,2227,,1205,698,1703,.410,193,582,.332,515,743,.693,335,1116,304,147,48,392,610
40,Cal State Northridge,30,10,20,.333,-6.55,-0.55,5,11,5,7,4,12,2143,2261,,1225,745,1723,.432,126,425,.296,527,735,.717,303,1086,423,203,96,419,604
,,Overall,Overall,Overall,Overall,Overall,Overall,Conf.,Conf.,Home,Home,Away,Away,Points,Points,,School Totals,School Totals,School Totals,School Totals,School Totals,School Totals,School Totals,School Totals,School Totals,School Totals,School Totals,School Totals,School Totals,School Totals,School Totals,School Totals,School Totals
Rk,School,G,W,L,W-L%,SRS,SOS,W,L,W,L,W,L,Tm.,Opp.,,MP,FG,FGA,FG%,3P,3PA,3P%,FT,FTA,FT%,ORB,TRB,AST,STL,BLK,TOV,PF
41,UC-Davis,30,11,19,.367,-5.28,-0.96,6,10,8,7,3,11,1914,1980,,1225,697,1608,.433,164,463,.354,356,557,.639,255,1033,342,186,49,427,531
42,UC-Irvine,34,25,9,.735,5.69,1.10,13,3,11,2,10,4,2417,2240,,1370,863,1876,.460,211,569,.371,480,702,.684,328,1251,518,189,179,417,626
43,UC-Riverside,33,14,19,.424,-5.40,-2.82,5,11,7,9,7,9,2299,2300,,1320,788,1839,.428,252,716,.352,471,670,.703,328,1163,410,170,101,433,654
44,UC-Santa Barbara,31,18,13,.581,4.50,1.74,11,5,6,5,10,6,2216,2092,,1245,816,1837,.444,236,643,.367,348,493,.706,327,1163,473,189,95,389,613
45,University of California,33,23,10,.697,16.46,8.37,12,6,18,0,4,7,2479,2212,,1335,867,1875,.462,233,632,.369,512,780,.656,370,1312,424,136,158,399,682
46,Campbell,30,12,18,.400,-10.68,-6.27,5,13,7,9,5,8,2207,2203,,1205,744,1671,.445,224,675,.332,495,690,.717,242,967,345,214,72,353,582
47,Canisius,33,14,19,.424,-5.21,-3.36,8,12,7,7,4,11,2526,2587,,1355,845,2014,.420,285,836,.341,551,744,.741,393,1116,466,199,88,368,640
48,Central Arkansas,28,7,21,.250,-14.92,-6.56,6,12,4,6,2,14,2110,2344,,1120,734,1656,.443,185,497,.372,457,694,.659,331,1044,370,152,104,405,575
49,Central Connecticut State,29,4,25,.138,-22.04,-8.93,3,15,3,11,1,14,1888,2268,,1175,682,1704,.400,164,480,.342,360,530,.679,336,1046,341,127,107,402,505
50,Central Florida,30,12,18,.400,0.46,3.29,6,12,8,8,4,9,2062,2147,,1210,715,1663,.430,207,650,.318,425,619,.687,329,1166,379,137,139,440,467
51,Central Michigan,32,17,15,.531,-0.13,-0.89,10,8,13,3,4,8,2422,2325,,1285,841,1903,.442,309,874,.354,431,600,.718,319,1119,426,152,87,293,593
52,Charleston Southern,30,9,21,.300,-10.51,-2.18,5,13,6,8,3,12,2146,2253,,1210,774,1808,.428,280,810,.346,318,512,.621,308,1053,379,153,63,378,576
53,Charlotte,33,14,19,.424,-2.94,-1.52,9,9,8,7,5,8,2584,2631,,1340,920,2066,.445,266,696,.382,478,685,.698,370,1196,481,204,73,394,588
54,Chattanooga,34,29,5,.853,3.99,-3.70,15,3,13,1,10,4,2578,2265,,1370,869,1904,.456,259,712,.364,581,793,.733,371,1217,495,265,163,422,577
55,Chicago State,32,4,28,.125,-17.27,-1.13,0,14,4,9,0,15,2140,2478,,1280,764,1995,.383,228,750,.304,384,573,.670,413,1172,375,246,98,456,697
56,Cincinnati,32,22,10,.688,15.62,5.31,12,6,14,3,6,6,2342,2012,,1315,823,1925,.428,242,701,.345,454,645,.704,427,1260,495,254,186,353,498
57,Citadel,32,10,22,.313,-15.53,-4.33,3,15,6,8,3,13,2753,2962,,1285,938,2242,.418,363,1121,.324,514,704,.730,400,1148,489,281,99,438,770
58,Clemson,31,17,14,.548,12.29,7.13,10,8,13,4,3,8,2159,1999,,1250,753,1725,.437,238,678,.351,415,574,.723,320,1072,411,179,162,313,511
59,Cleveland State,32,9,23,.281,-9.06,0.20,4,14,5,9,3,10,1947,2169,,1285,704,1746,.403,174,537,.324,365,538,.678,338,1061,327,196,87,458,670
60,Coastal Carolina,29,18,11,.621,-1.59,-4.32,12,6,11,3,7,5,2167,1953,,1165,770,1672,.461,214,620,.345,413,619,.667,326,1132,358,173,91,357,511
,,Overall,Overall,Overall,Overall,Overall,Overall,Conf.,Conf.,Home,Home,Away,Away,Points,Points,,School Totals,School Totals,School Totals,School Totals,School Totals,School Totals,School Totals,School Totals,School Totals,School Totals,School Totals,School Totals,School Totals,School Totals,School Totals,School Totals,School Totals
Rk,School,G,W,L,W-L%,SRS,SOS,W,L,W,L,W,L,Tm.,Opp.,,MP,FG,FGA,FG%,3P,3PA,3P%,FT,FTA,FT%,ORB,TRB,AST,STL,BLK,TOV,PF
61,Colgate,30,13,17,.433,-8.37,-5.82,9,9,8,4,5,13,2093,2145,,1220,747,1673,.447,267,718,.372,332,488,.680,280,951,398,184,72,362,583
62,College of Charleston,31,17,14,.548,2.78,0.45,8,10,10,5,6,8,2028,1921,,1250,722,1718,.420,206,595,.346,378,567,.667,339,1090,361,222,75,392,620
63,Colorado State,34,18,16,.529,2.28,1.50,8,10,12,5,3,8,2700,2626,,1400,878,2067,.425,326,896,.364,618,861,.718,441,1359,455,131,77,394,657
64,Colorado,33,22,11,.667,12.64,7.89,10,8,16,1,4,7,2509,2333,,1330,842,1978,.426,250,637,.392,575,778,.739,436,1399,453,172,164,439,616
65,Columbia,31,21,10,.677,2.37,-2.56,10,4,14,4,7,6,2362,2146,,1255,798,1758,.454,293,783,.374,473,665,.711,318,1086,450,198,105,336,592
66,Connecticut,32,22,10,.688,15.76,5.70,11,7,14,3,6,4,2347,2025,,1300,849,1854,.458,224,622,.360,425,542,.784,312,1168,440,188,161,357,575
67,Coppin State,31,9,22,.290,-15.29,-5.60,6,10,5,7,3,14,2240,2497,,1280,741,1933,.383,238,715,.333,520,737,.706,406,1144,348,174,91,406,666
68,Cornell,28,10,18,.357,-9.56,-1.04,3,11,5,8,5,10,1992,2193,,1130,703,1674,.420,233,682,.342,353,542,.651,244,910,302,217,107,371,563
69,Creighton,32,18,14,.563,13.07,6.54,9,9,12,5,4,8,2546,2337,,1280,892,1904,.468,262,744,.352,500,712,.702,299,1169,490,195,100,367,609
70,Dartmouth,28,10,18,.357,-5.55,-3.26,4,10,8,6,2,12,1992,1989,,1130,700,1606,.436,156,458,.341,436,603,.723,336,1005,367,192,48,402,569
71,Davidson,31,20,11,.645,6.49,4.79,10,8,15,1,3,9,2480,2416,,1245,848,1906,.445,299,836,.358,485,636,.763,299,1094,473,148,95,314,538
72,Dayton,31,25,6,.806,12.26,4.55,14,4,14,3,8,2,2263,2024,,1255,788,1714,.460,209,600,.348,478,712,.671,310,1201,453,180,136,402,589
73,Delaware State,32,7,25,.219,-20.49,-6.46,5,11,6,7,1,17,1980,2336,,1290,710,1815,.391,230,698,.330,330,536,.616,340,1063,367,173,93,442,635
74,Delaware,30,7,23,.233,-8.40,1.06,2,16,5,7,2,15,1986,2270,,1205,669,1663,.402,168,517,.325,480,701,.685,330,1132,319,108,87,357,535
75,Denver,31,16,15,.516,-3.07,-2.97,7,9,8,7,6,6,2021,2024,,1240,689,1449,.476,235,613,.383,408,530,.770,168,781,443,198,71,400,593
76,DePaul,31,9,22,.290,0.69,8.21,3,15,5,9,3,10,2092,2325,,1245,752,1691,.445,168,490,.343,420,618,.680,317,1059,366,150,95,458,687
77,Detroit Mercy,31,16,15,.516,-2.33,-0.71,9,9,11,4,4,10,2595,2567,,1245,898,1929,.466,244,651,.375,555,795,.698,373,1169,409,213,133,422,706
78,Drake,31,7,24,.226,-5.16,0.91,2,16,5,9,0,12,2093,2230,,1255,736,1639,.449,215,559,.385,406,562,.722,253,1043,378,116,65,417,559
79,Drexel,31,6,25,.194,-5.08,2.22,3,15,3,9,2,12,1958,2183,,1245,677,1721,.393,170,517,.329,434,634,.685,324,1022,384,141,108,344,676
80,Duke,33,23,10,.697,20.14,10.74,11,7,15,3,5,4,2688,2378,,1330,905,1973,.459,306,791,.387,572,792,.722,404,1198,443,212,136,323,548
,,Overall,Overall,Overall,Overall,Overall,Overall,Conf.,Conf.,Home,Home,Away,Away,Points,Points,,School Totals,School Totals,School Totals,School Totals,School Totals,School Totals,School Totals,School Totals,School Totals,School Totals,School Totals,School Totals,School Totals,School Totals,School Totals,School Totals,School Totals
Rk,School,G,W,L,W-L%,SRS,SOS,W,L,W,L,W,L,Tm.,Opp.,,MP,FG,FGA,FG%,3P,3PA,3P%,FT,FTA,FT%,ORB,TRB,AST,STL,BLK,TOV,PF
81,Duquesne,32,16,16,.500,1.77,1.65,6,12,9,6,4,7,2512,2483,,1290,891,1944,.458,301,830,.363,429,626,.685,327,1253,496,153,121,443,634
82,East Carolina,32,12,20,.375,-0.09,3.51,4,14,8,8,3,10,2186,2301,,1305,761,1790,.425,232,683,.340,432,620,.697,320,1093,486,183,64,424,536
83,East Tennessee State,34,23,11,.676,-0.87,-2.27,14,4,13,2,8,8,2644,2500,,1375,924,1998,.462,271,718,.377,525,738,.711,357,1214,417,229,126,429,684
84,Eastern Illinois,30,13,17,.433,-8.12,-3.30,9,7,9,5,4,9,2145,2213,,1220,764,1737,.440,232,664,.349,385,587,.656,299,1002,417,177,68,364,583
85,Eastern Kentucky,31,15,16,.484,-3.26,-3.59,6,10,10,6,5,10,2497,2453,,1240,864,1760,.491,258,653,.395,511,700,.730,274,1004,495,218,95,457,665
86,Eastern Michigan,33,18,15,.545,0.17,1.55,9,9,14,3,4,11,2553,2460,,1330,875,1961,.446,187,602,.311,616,854,.721,386,1194,379,312,122,423,674
87,Eastern Washington,32,17,15,.531,-4.39,-6.33,10,8,10,2,5,11,2620,2460,,1280,911,1862,.489,329,861,.382,469,688,.682,299,1061,424,195,122,366,627
88,Elon,32,16,16,.500,-0.31,1.03,7,11,8,8,8,7,2429,2413,,1285,865,1942,.445,303,885,.342,396,599,.661,335,1184,488,176,72,411,607
89,Evansville,34,25,9,.735,8.09,-0.40,12,6,13,3,8,4,2526,2221,,1370,879,1795,.490,158,448,.353,610,843,.724,260,1202,595,178,147,426,601
90,Fairfield,32,19,13,.594,-2.91,-2.66,12,8,11,4,7,7,2460,2468,,1305,854,1925,.444,289,798,.362,463,630,.735,291,1113,498,207,132,421,613
91,Fairleigh Dickinson,32,18,14,.563,-9.94,-8.26,11,7,9,6,9,8,2493,2504,,1295,906,1959,.462,230,634,.363,451,645,.699,340,1075,456,241,86,414,694
92,Florida A&M,29,8,21,.276,-21.38,-10.30,4,12,6,6,1,14,1863,2128,,1190,644,1606,.401,168,555,.303,407,691,.589,293,1010,319,192,65,466,566
93,Florida Atlantic,33,8,25,.242,-10.11,-1.53,5,13,5,7,2,14,2189,2445,,1325,752,1847,.407,229,678,.338,456,624,.731,282,1071,385,175,140,401,631
94,Florida Gulf Coast,33,20,13,.606,-1.65,-4.37,8,6,16,4,4,8,2540,2325,,1355,949,1991,.477,176,493,.357,466,720,.647,392,1327,446,218,132,409,637
95,Florida International,32,13,19,.406,-5.10,-4.66,7,11,7,9,5,8,2277,2242,,1300,834,1779,.469,181,499,.363,428,645,.664,328,1196,391,162,148,414,598
96,Florida State,32,19,13,.594,12.70,8.39,8,10,10,4,4,7,2499,2361,,1285,894,1919,.466,214,617,.347,497,721,.689,367,1181,425,230,132,412,623
97,Florida,33,19,14,.576,14.98,9.95,9,9,12,4,4,8,2429,2263,,1325,838,1989,.421,229,735,.312,524,814,.644,434,1325,430,209,146,376,647
98,Fordham,30,17,13,.567,2.51,0.38,8,10,14,4,3,7,2140,2059,,1215,757,1690,.448,232,673,.345,394,576,.684,311,1031,468,252,116,411,594
99,Fresno State,33,24,9,.727,4.92,1.50,13,5,16,2,6,7,2493,2332,,1340,879,2019,.435,202,596,.339,533,775,.688,395,1248,449,269,132,349,727
100,Furman,33,18,15,.545,-2.38,-4.06,11,7,13,1,3,12,2357,2196,,1320,799,1752,.456,237,733,.323,522,742,.704,355,1173,404,200,106,435,594
,,Overall,Overall,Overall,Overall,Overall,Overall,Conf.,Conf.,Home,Home,Away,Away,Points,Points,,School Totals,School Totals,School Totals,School Totals,School Totals,School Totals,School Totals,School Totals,School Totals,School Totals,School Totals,School Totals,School Totals,School Totals,School Totals,School Totals,School Totals
Rk,School,G,W,L,W-L%,SRS,SOS,W,L,W,L,W,L,Tm.,Opp.,,MP,FG,FGA,FG%,3P,3PA,3P%,FT,FTA,FT%,ORB,TRB,AST,STL,BLK,TOV,PF
101,Gardner-Webb,33,17,16,.515,-6.48,-3.51,10,8,9,4,5,11,2476,2451,,1335,871,2039,.427,276,807,.342,458,701,.653,435,1257,442,265,113,438,666
102,George Mason,32,11,21,.344,-1.59,3.82,5,13,7,8,2,11,2140,2313,,1290,766,1888,.406,172,589,.292,436,650,.671,419,1359,328,92,119,405,570
103,George Washington,33,23,10,.697,10.23,3.71,11,7,14,3,7,5,2483,2268,,1330,841,1896,.444,229,622,.368,572,756,.757,391,1250,463,198,110,374,541
104,Georgetown,33,15,18,.455,10.15,8.33,7,11,9,8,4,8,2430,2370,,1335,820,1858,.441,261,770,.339,529,704,.751,316,1181,492,180,146,436,755
105,Georgia Southern,31,14,17,.452,-5.41,-2.89,10,10,10,4,4,12,2353,2307,,1250,781,1903,.410,282,834,.338,509,728,.699,374,1131,344,232,73,359,691
106,Georgia State,30,16,14,.533,-2.63,-2.02,9,11,12,3,4,10,1971,1950,,1220,705,1597,.441,149,436,.342,412,598,.689,243,925,352,200,91,349,578
107,Georgia Tech,33,19,14,.576,12.22,10.04,8,10,13,5,4,7,2417,2345,,1325,881,1980,.445,192,549,.350,461,641,.719,438,1290,443,150,139,365,594
108,Georgia,31,19,12,.613,10.15,8.60,10,8,14,4,3,8,2163,2115,,1250,716,1713,.418,197,541,.364,534,762,.701,359,1223,388,153,162,413,645
109,Gonzaga,33,26,7,.788,16.27,3.52,15,3,11,4,9,2,2630,2186,,1325,929,1909,.487,258,681,.379,514,676,.760,350,1307,457,166,98,369,577
110,Grambling,31,7,24,.226,-19.30,-8.16,4,14,5,7,2,15,1924,2110,,1250,658,1606,.410,152,556,.273,456,706,.646,281,1012,298,210,52,442,615
111,Grand Canyon,31,25,6,.806,2.18,-5.16,11,3,16,2,7,4,2381,2128,,1245,824,1804,.457,192,517,.371,541,769,.704,362,1188,463,190,80,378,579
112,Green Bay,35,23,12,.657,1.50,-1.20,11,7,11,3,8,9,2948,2788,,1415,1027,2294,.448,246,703,.350,648,984,.659,451,1360,487,344,161,421,701
113,Hampton,30,20,10,.667,-8.53,-9.04,13,3,9,2,8,7,2237,2220,,1225,768,1857,.414,199,641,.310,502,772,.650,426,1252,364,165,116,423,623
114,Hartford,33,10,23,.303,-14.06,-5.47,4,12,4,12,6,11,2336,2588,,1345,777,1906,.408,319,902,.354,463,619,.748,229,992,408,221,63,385,702
115,Harvard,30,14,16,.467,-0.91,-0.19,6,8,8,5,4,10,2001,1985,,1205,734,1648,.445,220,569,.387,313,526,.595,318,1118,452,150,150,434,538
116,Hawaii,31,26,5,.839,8.96,-2.08,13,3,16,3,7,2,2419,2068,,1245,822,1778,.462,225,687,.328,550,809,.680,334,1163,494,247,118,400,631
117,High Point,31,21,10,.677,0.25,-4.39,13,5,12,3,8,6,2407,2170,,1250,863,1794,.481,175,457,.383,506,662,.764,326,1049,479,251,94,331,545
118,Hofstra,33,24,9,.727,5.25,0.81,14,4,11,2,9,4,2601,2427,,1350,884,1993,.444,279,786,.355,554,806,.687,391,1294,496,207,107,386,525
119,Holy Cross,33,14,19,.424,-10.84,-6.51,5,13,8,6,5,13,2156,2299,,1345,737,1784,.413,236,721,.327,446,644,.693,269,995,459,213,83,359,555
120,Houston Baptist,33,17,16,.515,-10.18,-5.00,10,8,12,3,4,10,2539,2513,,1320,876,1841,.476,196,542,.362,591,826,.715,338,1206,456,176,131,486,629
,,Overall,Overall,Overall,Overall,Overall,Overall,Conf.,Conf.,Home,Home,Away,Away,Points,Points,,School Totals,School Totals,School Totals,School Totals,School Totals,School Totals,School Totals,School Totals,School Totals,School Totals,School Totals,School Totals,School Totals,School Totals,School Totals,School Totals,School Totals
Rk,School,G,W,L,W-L%,SRS,SOS,W,L,W,L,W,L,Tm.,Opp.,,MP,FG,FGA,FG%,3P,3PA,3P%,FT,FTA,FT%,ORB,TRB,AST,STL,BLK,TOV,PF
121,Houston,31,22,9,.710,11.16,2.16,12,6,15,3,6,4,2414,2135,,1265,872,1868,.467,213,605,.352,457,650,.703,402,1177,402,186,120,325,596
122,Howard,32,12,20,.375,-14.12,-8.02,6,10,8,7,2,12,2311,2433,,1300,750,1846,.406,144,486,.296,667,914,.730,403,1218,275,197,102,475,632
123,Idaho State,31,16,15,.516,-9.57,-6.43,11,7,10,3,5,10,2297,2357,,1240,769,1767,.435,250,687,.364,509,700,.727,284,1078,380,226,90,408,587
124,Idaho,33,21,12,.636,-4.71,-5.58,12,6,11,4,8,6,2309,2183,,1325,778,1759,.442,217,572,.379,536,756,.709,380,1231,413,173,88,492,713
125,Illinois-Chicago,30,5,25,.167,-14.47,-0.76,3,15,5,10,0,13,2019,2348,,1220,697,1796,.388,133,440,.302,492,795,.619,406,1235,347,168,162,453,640
126,Illinois State,32,18,14,.563,3.36,2.55,12,6,13,3,5,8,2149,2114,,1285,759,1835,.414,238,706,.337,393,588,.668,344,1141,402,205,115,403,622
127,Illinois,34,15,19,.441,4.85,7.49,5,13,7,8,2,8,2452,2542,,1395,861,1993,.432,277,764,.363,453,607,.746,258,1075,462,199,65,355,585
128,Incarnate Word,29,17,12,.586,-8.90,-5.90,12,6,10,3,7,9,2145,2140,,1165,718,1653,.434,234,622,.376,475,620,.766,232,974,428,200,75,368,538
129,Indiana State,32,15,17,.469,0.02,2.18,8,10,10,4,2,11,2170,2222,,1295,715,1822,.392,210,692,.303,530,765,.693,341,1213,340,184,86,422,688
130,Indiana,32,25,7,.781,19.88,6.51,15,3,17,0,6,4,2633,2205,,1285,934,1864,.501,316,762,.415,449,621,.723,385,1196,511,222,127,433,582
131,Iona,32,22,10,.688,4.03,-1.91,16,4,11,2,8,6,2547,2357,,1285,888,1947,.456,320,860,.372,451,633,.712,339,1181,539,242,132,408,622
132,Iowa State,32,21,11,.656,17.63,10.75,10,8,14,2,4,7,2619,2399,,1295,998,1990,.502,265,697,.380,358,507,.706,291,1154,529,197,135,371,496
133,Iowa,31,21,10,.677,18.11,8.72,12,6,13,2,6,5,2421,2130,,1245,855,1898,.450,255,667,.382,456,634,.719,369,1190,496,211,148,322,504
134,IPFW,33,24,9,.727,0.70,-1.79,12,4,12,1,10,6,2646,2506,,1330,913,1956,.467,347,838,.414,473,660,.717,331,1198,503,181,108,399,572
135,IUPUI,32,13,19,.406,-5.61,0.36,9,7,9,2,4,15,2181,2362,,1290,785,1858,.422,183,549,.333,428,607,.705,320,1105,355,213,81,426,651
136,Jackson State,33,19,14,.576,-8.59,-9.78,12,6,11,2,6,12,2267,2157,,1340,832,2037,.408,218,714,.305,385,614,.627,447,1316,407,257,120,408,718
137,Jacksonville State,31,8,23,.258,-10.00,-3.69,4,12,5,10,2,12,2100,2234,,1245,721,1792,.402,243,709,.343,415,567,.732,315,994,377,158,96,329,611
138,Jacksonville,32,16,16,.500,-9.20,-5.95,8,6,12,3,4,11,2444,2431,,1290,866,1985,.436,278,715,.389,434,640,.678,339,1218,402,207,85,374,592
139,James Madison,32,21,11,.656,6.53,0.85,11,7,12,6,9,3,2405,2197,,1305,830,1848,.449,278,775,.359,467,682,.685,335,1247,406,139,97,380,612
140,Kansas State,33,17,16,.515,12.87,10.36,5,13,12,5,2,9,2334,2251,,1345,805,1876,.429,175,583,.300,549,798,.688,437,1204,458,249,91,460,659
,,Overall,Overall,Overall,Overall,Overall,Overall,Conf.,Conf.,Home,Home,Away,Away,Points,Points,,School Totals,School Totals,School Totals,School Totals,School Totals,School Totals,School Totals,School Totals,School Totals,School Totals,School Totals,School Totals,School Totals,School Totals,School Totals,School Totals,School Totals
Rk,School,G,W,L,W-L%,SRS,SOS,W,L,W,L,W,L,Tm.,Opp.,,MP,FG,FGA,FG%,3P,3PA,3P%,FT,FTA,FT%,ORB,TRB,AST,STL,BLK,TOV,PF
141,Kansas,33,29,4,.879,24.21,11.43,15,3,16,0,7,3,2692,2232,,1340,951,1926,.494,274,649,.422,516,737,.700,356,1256,528,225,137,405,617
142,Kennesaw State,31,11,20,.355,-8.38,-1.42,7,7,8,6,3,14,2239,2399,,1245,811,1826,.444,179,508,.352,438,625,.701,322,1039,378,216,99,407,605
143,Kent State,32,19,13,.594,-1.28,-1.22,10,8,13,3,6,8,2361,2317,,1290,834,1871,.446,185,564,.328,508,744,.683,405,1204,373,170,106,380,578
144,Kentucky,32,24,8,.750,20.38,8.82,13,5,17,0,4,7,2534,2164,,1290,914,1913,.478,217,592,.367,489,723,.676,418,1251,467,176,179,358,658
145,La Salle,31,9,22,.290,-5.92,4.82,4,14,7,9,1,12,1987,2279,,1240,690,1707,.404,259,762,.340,348,520,.669,274,957,388,217,92,396,539
146,Lafayette,30,6,24,.200,-14.76,-5.76,3,15,4,9,2,15,2142,2412,,1235,758,1742,.435,245,671,.365,381,551,.691,242,955,416,171,68,390,588
147,Lamar,30,11,19,.367,-14.49,-8.57,3,15,7,9,4,10,2263,2310,,1200,771,1819,.424,197,617,.319,524,781,.671,415,1171,425,225,116,438,699
148,Lehigh,32,17,15,.531,-4.19,-4.96,13,5,10,5,7,9,2268,2210,,1280,810,1777,.456,237,604,.392,411,565,.727,307,1095,477,214,103,416,548
149,Liberty,32,13,19,.406,-10.01,-3.32,10,8,8,6,5,9,2070,2188,,1280,738,1644,.449,283,774,.366,311,434,.717,214,943,419,178,44,446,638
150,Lipscomb,33,12,21,.364,-8.72,-3.69,7,7,6,9,5,9,2590,2689,,1340,888,2017,.440,331,921,.359,483,695,.695,335,1202,549,208,98,458,628
151,Long Beach State,33,20,13,.606,4.26,4.48,12,4,11,2,6,9,2451,2397,,1335,838,1945,.431,274,735,.373,501,736,.681,346,1186,502,217,85,397,673
152,Long Island University,31,16,15,.516,-11.41,-10.64,9,9,8,6,8,9,2362,2386,,1255,813,1884,.432,179,602,.297,557,779,.715,385,1173,432,238,87,422,652
153,Longwood,33,10,23,.303,-11.05,-4.78,5,13,5,8,4,12,2397,2503,,1330,860,1899,.453,227,650,.349,450,636,.708,352,1197,421,205,91,471,624
154,Louisiana-Lafayette,30,17,13,.567,2.23,-2.13,12,8,12,2,4,11,2399,2193,,1210,824,1855,.444,193,633,.305,558,804,.694,434,1254,379,196,110,382,572
155,Louisiana-Monroe,31,19,12,.613,0.13,-1.63,15,5,13,0,6,10,2282,2161,,1270,827,1800,.459,203,573,.354,425,605,.702,351,1148,438,171,100,380,559
156,Louisiana State,32,19,13,.594,9.97,7.09,11,7,15,3,3,8,2564,2472,,1290,902,1927,.468,198,593,.334,562,841,.668,354,1191,503,257,88,380,596
157,Louisiana Tech,32,23,9,.719,0.30,-4.33,12,6,16,1,7,7,2541,2307,,1305,886,1929,.459,226,682,.331,543,812,.669,345,1215,447,238,138,397,578
158,Louisville,31,23,8,.742,21.87,8.03,12,6,18,1,4,7,2324,1895,,1240,866,1847,.469,186,536,.347,406,588,.690,415,1183,419,222,149,355,597
159,Loyola (IL),32,15,17,.469,-0.76,1.05,7,11,9,7,4,7,2059,2082,,1295,722,1700,.425,196,565,.347,413,565,.731,246,977,370,189,90,402,584
160,Loyola Marymount,31,14,17,.452,-3.43,1.08,6,12,8,6,5,10,2208,2319,,1265,796,1903,.418,227,669,.339,389,536,.726,349,1047,482,211,90,351,631
,,Overall,Overall,Overall,Overall,Overall,Overall,Conf.,Conf.,Home,Home,Away,Away,Points,Points,,School Totals,School Totals,School Totals,School Totals,School Totals,School Totals,School Totals,School Totals,School Totals,School Totals,School Totals,School Totals,School Totals,School Totals,School Totals,School Totals,School Totals
Rk,School,G,W,L,W-L%,SRS,SOS,W,L,W,L,W,L,Tm.,Opp.,,MP,FG,FGA,FG%,3P,3PA,3P%,FT,FTA,FT%,ORB,TRB,AST,STL,BLK,TOV,PF
161,Loyola (MD),30,9,21,.300,-10.52,-4.86,8,10,5,9,4,12,2090,2260,,1230,732,1702,.430,161,530,.304,465,653,.712,334,1054,338,162,102,391,648
162,Maine,30,8,22,.267,-17.17,-6.27,4,12,5,8,3,14,2279,2606,,1215,825,1909,.432,228,673,.339,401,611,.656,337,1055,433,249,90,489,638
163,Manhattan,31,13,18,.419,-7.04,-2.69,9,11,8,6,4,11,2133,2268,,1255,708,1644,.431,232,643,.361,485,655,.740,242,916,436,238,71,444,672
164,Marist,30,7,23,.233,-11.26,-4.10,4,16,4,10,2,12,2145,2360,,1220,723,1713,.422,248,726,.342,451,615,.733,261,975,350,138,81,364,587
165,Marquette,33,20,13,.606,7.60,5.51,8,10,12,7,5,5,2517,2448,,1340,884,1888,.468,194,572,.339,555,764,.726,311,1179,533,258,137,484,620
166,Marshall,33,17,16,.515,1.04,-0.08,12,6,10,4,5,9,2838,2801,,1330,1017,2183,.466,332,985,.337,472,681,.693,341,1230,554,226,103,424,637
167,Maryland-Baltimore County,32,7,25,.219,-15.15,-6.65,3,13,4,9,3,15,2307,2579,,1290,788,1788,.441,216,652,.331,515,754,.683,279,1017,393,223,57,398,636
168,Maryland-Eastern Shore,32,10,22,.313,-13.90,-5.84,7,9,7,4,3,17,2178,2399,,1295,759,1715,.443,201,610,.330,459,648,.708,337,1100,403,188,72,521,691
169,Maryland,32,25,7,.781,17.32,7.81,12,6,16,1,4,6,2449,2123,,1285,858,1739,.493,244,651,.375,489,646,.757,293,1164,452,185,176,425,533
170,Massachusetts-Lowell,29,11,18,.379,-13.42,-5.99,7,9,6,6,5,12,2221,2401,,1170,800,1705,.469,240,659,.364,381,556,.685,249,947,426,205,71,454,596
171,Massachusetts,32,14,18,.438,0.79,3.10,6,12,9,7,3,9,2353,2427,,1300,817,1903,.429,234,709,.330,485,694,.699,307,1141,443,207,113,407,668
172,McNeese State,29,9,20,.310,-14.92,-6.42,7,11,7,6,2,13,2083,2301,,1185,719,1751,.411,205,617,.332,440,629,.700,321,1045,331,171,126,370,583
173,Memphis,32,18,14,.563,10.19,3.72,8,10,14,6,2,8,2471,2264,,1290,831,2006,.414,198,606,.327,611,848,.721,418,1312,483,246,181,397,644
174,Mercer,33,19,14,.576,-2.44,-4.18,8,10,10,3,3,10,2389,2274,,1350,849,1897,.448,206,590,.349,485,667,.727,423,1324,491,167,84,416,572
175,Miami (FL),32,25,7,.781,19.42,10.61,13,5,15,1,6,5,2420,2138,,1285,837,1756,.477,219,599,.366,527,702,.751,307,1120,410,194,116,343,530
176,Miami (OH),33,13,20,.394,-5.62,0.04,6,12,10,8,3,11,2089,2249,,1320,719,1781,.404,178,582,.306,471,646,.729,326,1068,336,218,72,399,617
177,Michigan State,32,27,5,.844,23.92,6.73,13,5,14,2,7,3,2582,2032,,1290,933,1914,.487,294,675,.436,422,584,.723,397,1345,669,148,166,377,612
178,Michigan,33,22,11,.667,14.71,7.74,10,8,13,4,4,6,2467,2218,,1325,875,1865,.469,320,824,.388,397,536,.741,261,1063,496,182,72,325,515
179,Middle Tennessee,32,23,9,.719,2.20,-1.97,13,5,11,3,8,6,2344,2201,,1285,838,1850,.453,254,657,.387,414,673,.615,332,1187,423,200,112,383,655
180,Milwaukee,33,20,13,.606,2.99,-1.91,10,8,9,4,7,6,2618,2391,,1345,879,1927,.456,306,842,.363,554,718,.772,321,1195,566,149,86,362,562
,,Overall,Overall,Overall,Overall,Overall,Overall,Conf.,Conf.,Home,Home,Away,Away,Points,Points,,School Totals,School Totals,School Totals,School Totals,School Totals,School Totals,School Totals,School Totals,School Totals,School Totals,School Totals,School Totals,School Totals,School Totals,School Totals,School Totals,School Totals
Rk,School,G,W,L,W-L%,SRS,SOS,W,L,W,L,W,L,Tm.,Opp.,,MP,FG,FGA,FG%,3P,3PA,3P%,FT,FTA,FT%,ORB,TRB,AST,STL,BLK,TOV,PF
181,Minnesota,31,8,23,.258,1.32,7.32,2,16,7,10,0,9,2108,2294,,1255,724,1785,.406,191,616,.310,469,662,.708,309,1066,379,170,112,354,565
182,Mississippi State,31,14,17,.452,8.66,6.50,7,11,10,5,2,9,2323,2256,,1245,850,1862,.456,225,674,.334,398,549,.725,325,1094,431,202,132,392,596
183,Mississippi Valley State,35,8,27,.229,-19.59,-7.85,6,12,3,6,3,19,2293,2704,,1425,826,2129,.388,179,590,.303,462,667,.693,380,1245,373,241,82,468,671
184,Mississippi,32,20,12,.625,8.34,5.25,10,8,12,2,7,7,2405,2306,,1290,796,1916,.415,252,746,.338,561,791,.709,424,1229,412,242,100,386,635
185,Missouri-Kansas City,31,12,19,.387,-6.00,-1.93,4,10,9,4,2,13,2152,2240,,1245,746,1738,.429,213,588,.362,447,663,.674,356,1084,350,181,98,414,651
186,Missouri State,32,13,19,.406,-3.53,2.57,8,10,8,7,4,8,2153,2321,,1290,752,1817,.414,168,533,.315,481,713,.675,333,1135,390,199,130,409,622
187,Missouri,31,10,21,.323,2.98,7.36,3,15,10,7,0,11,2126,2262,,1240,732,1736,.422,175,565,.310,487,688,.708,295,1108,362,169,81,389,636
188,Monmouth,34,27,7,.794,5.96,-1.77,17,3,10,1,13,4,2700,2437,,1370,905,2074,.436,267,722,.370,623,813,.766,366,1320,417,283,122,422,720
189,Montana State,31,14,17,.452,-6.81,-5.24,9,9,8,3,4,12,2369,2411,,1245,831,1916,.434,297,797,.373,410,598,.686,394,1159,392,149,62,375,683
190,Montana,31,21,10,.677,-0.43,-4.50,14,4,12,2,7,8,2259,2084,,1250,785,1687,.465,238,644,.370,451,648,.696,287,1077,422,164,77,386,678
191,Morehead State,31,19,12,.613,0.70,-2.20,11,5,12,2,6,9,2243,2084,,1250,801,1826,.439,186,496,.375,455,657,.693,457,1153,442,246,75,396,708
192,Morgan State,31,9,22,.290,-12.18,-7.58,6,10,6,6,2,15,2089,2223,,1250,734,1854,.396,161,535,.301,460,672,.685,377,1089,349,188,68,367,572
193,Mount St. Mary's,33,14,19,.424,-9.54,-7.60,10,8,9,3,5,15,2218,2282,,1335,788,1967,.401,226,713,.317,416,601,.692,318,1022,361,248,119,400,655
194,Murray State,31,17,14,.548,-1.42,-2.90,10,6,10,4,4,8,2212,2093,,1245,770,1694,.455,226,621,.364,444,613,.724,308,1018,445,186,66,367,617
195,Navy,33,19,14,.576,-4.71,-6.78,9,9,6,9,11,4,2230,2135,,1340,805,1768,.455,141,469,.301,479,748,.640,370,1187,448,188,125,432,648
196,Nebraska-Omaha,31,18,13,.581,0.33,-1.81,10,6,9,4,7,8,2617,2499,,1255,919,1943,.473,187,564,.332,592,797,.743,324,1094,441,291,94,403,626
197,Nebraska,34,16,18,.471,9.21,5.94,6,12,10,8,3,8,2456,2345,,1370,883,1976,.447,220,634,.347,470,644,.730,377,1197,397,250,112,397,656
198,Nevada-Las Vegas,33,18,15,.545,5.46,3.14,8,10,13,3,2,10,2581,2427,,1350,887,2015,.440,252,760,.332,555,815,.681,371,1270,499,266,168,468,700
199,Nevada,32,19,13,.594,2.13,2.26,10,8,11,3,5,9,2383,2287,,1305,817,1966,.416,163,567,.287,586,801,.732,399,1309,392,232,182,425,685
200,New Hampshire,31,19,12,.613,-8.23,-7.12,11,5,11,3,8,9,2203,2164,,1250,762,1824,.418,201,617,.326,478,664,.720,358,1211,367,123,54,358,551
,,Overall,Overall,Overall,Overall,Overall,Overall,Conf.,Conf.,Home,Home,Away,Away,Points,Points,,School Totals,School Totals,School Totals,School Totals,School Totals,School Totals,School Totals,School Totals,School Totals,School Totals,School Totals,School Totals,School Totals,School Totals,School Totals,School Totals,School Totals
Rk,School,G,W,L,W-L%,SRS,SOS,W,L,W,L,W,L,Tm.,Opp.,,MP,FG,FGA,FG%,3P,3PA,3P%,FT,FTA,FT%,ORB,TRB,AST,STL,BLK,TOV,PF
201,New Mexico State,32,23,9,.719,3.71,-4.05,13,1,15,2,7,7,2314,2030,,1300,845,1807,.468,169,507,.333,455,669,.680,388,1322,458,128,155,439,508
202,New Mexico,32,17,15,.531,5.18,2.55,10,8,12,4,5,7,2432,2348,,1285,829,1782,.465,196,540,.363,578,783,.738,310,1173,462,180,130,488,657
203,New Orleans,30,10,20,.333,-13.94,-7.90,6,12,7,5,3,14,2249,2325,,1205,763,1820,.419,162,480,.338,561,816,.688,422,1137,408,252,77,452,640
204,Niagara,32,7,25,.219,-10.89,-3.49,5,15,5,8,1,14,2067,2304,,1300,735,1821,.404,166,589,.282,431,620,.695,385,1168,347,165,103,461,626
205,Nicholls State,34,11,23,.324,-16.40,-4.95,6,12,8,4,1,17,2298,2598,,1375,787,1875,.420,212,694,.305,512,782,.655,315,1144,433,229,164,533,686
206,NJIT,31,17,14,.548,-4.91,-4.91,8,6,9,6,8,8,2339,2310,,1250,804,1811,.444,266,768,.346,465,626,.743,299,1076,488,206,72,394,610
207,Norfolk State,33,17,16,.515,-6.56,-6.75,12,4,9,2,7,9,2440,2408,,1330,792,1858,.426,240,679,.353,616,795,.775,363,1146,401,187,169,412,703
208,North Carolina-Asheville,33,22,11,.667,1.68,-3.77,12,6,11,3,6,7,2496,2227,,1330,877,1916,.458,190,586,.324,552,795,.694,384,1246,411,307,110,430,575
209,North Carolina A&T,32,10,22,.313,-16.45,-8.16,7,9,8,6,2,13,2169,2433,,1305,745,1836,.406,199,633,.314,480,675,.711,357,1148,339,162,77,437,718
210,North Carolina Central,32,13,19,.406,-12.57,-9.61,7,9,8,5,3,12,2220,2235,,1285,779,1805,.432,200,575,.348,462,697,.663,395,1178,406,186,54,438,635
211,North Carolina-Greensboro,32,14,18,.438,-5.64,-2.71,10,8,11,4,3,13,2333,2357,,1290,840,1871,.449,276,760,.363,377,553,.682,306,1098,424,194,77,384,641
212,North Carolina State,33,16,17,.485,10.18,9.39,5,13,11,7,3,8,2482,2456,,1330,866,1999,.433,207,595,.348,543,777,.699,457,1306,383,149,141,364,558
213,North Carolina-Wilmington,32,25,7,.781,6.44,0.07,14,4,12,2,8,5,2535,2286,,1295,898,1971,.456,219,651,.336,520,741,.702,384,1203,428,241,140,366,760
214,North Carolina,33,27,6,.818,23.04,10.07,14,4,15,1,6,5,2736,2308,,1320,1023,2140,.478,180,571,.315,510,692,.737,472,1365,601,226,147,360,599
215,North Dakota State,33,20,13,.606,-0.62,-2.68,8,8,12,1,4,11,2271,2129,,1325,817,1837,.445,214,630,.340,423,619,.683,302,1149,347,198,117,346,523
216,North Dakota,32,17,15,.531,-3.73,-5.11,10,8,10,4,4,9,2388,2277,,1295,849,1862,.456,191,536,.356,499,732,.682,284,1173,423,251,90,423,675
217,North Florida,33,22,11,.667,-0.88,-4.45,10,4,14,2,7,9,2797,2607,,1320,976,2010,.486,402,977,.411,443,611,.725,287,1135,547,173,170,361,538
218,North Texas,32,12,20,.375,-9.68,-3.08,7,11,11,7,1,12,2386,2505,,1285,830,1838,.452,187,567,.330,539,838,.643,360,1158,362,210,98,443,685
219,Northeastern,33,18,15,.545,1.97,1.72,9,9,7,7,8,7,2376,2339,,1365,793,1808,.439,286,770,.371,504,704,.716,295,1111,485,202,109,407,546
220,Northern Arizona,30,5,25,.167,-18.10,-2.63,3,15,4,9,1,15,2054,2438,,1225,699,1749,.400,220,650,.338,436,619,.704,260,1002,372,185,60,388,563
,,Overall,Overall,Overall,Overall,Overall,Overall,Conf.,Conf.,Home,Home,Away,Away,Points,Points,,School Totals,School Totals,School Totals,School Totals,School Totals,School Totals,School Totals,School Totals,School Totals,School Totals,School Totals,School Totals,School Totals,School Totals,School Totals,School Totals,School Totals
Rk,School,G,W,L,W-L%,SRS,SOS,W,L,W,L,W,L,Tm.,Opp.,,MP,FG,FGA,FG%,3P,3PA,3P%,FT,FTA,FT%,ORB,TRB,AST,STL,BLK,TOV,PF
221,Northern Colorado,31,10,21,.323,-11.99,-3.78,7,11,7,9,3,10,2292,2482,,1240,780,1726,.452,203,545,.372,529,727,.728,326,1077,320,178,78,428,703
222,Northern Illinois,33,21,12,.636,-0.06,-1.06,9,9,18,1,3,10,2400,2215,,1330,821,1916,.428,234,666,.351,524,765,.685,405,1295,466,241,114,420,667
223,Northern Iowa,34,22,12,.647,8.26,3.63,11,7,11,3,6,8,2312,2139,,1365,801,1752,.457,278,742,.375,432,574,.753,185,1022,406,193,88,330,515
224,Northern Kentucky,30,9,21,.300,-6.72,-0.54,5,13,7,7,2,13,2116,2233,,1210,755,1719,.439,234,656,.357,372,545,.683,281,1033,439,142,88,407,615
225,Northwestern State,28,8,20,.286,-15.47,-5.39,5,13,6,7,2,13,2224,2413,,1120,770,1688,.456,207,578,.358,477,623,.766,286,919,433,174,90,407,560
226,Northwestern,32,20,12,.625,10.56,4.53,8,10,14,4,5,6,2304,2111,,1305,837,1859,.450,278,776,.358,352,528,.667,342,1167,527,124,121,329,605
227,Notre Dame,32,21,11,.656,14.32,9.19,11,7,14,2,5,5,2423,2259,,1285,869,1844,.471,235,637,.369,450,612,.735,349,1154,431,179,126,309,496
228,Oakland,32,21,11,.656,5.74,-1.67,13,5,8,4,11,5,2762,2525,,1285,920,2006,.459,284,718,.396,638,831,.768,374,1268,500,191,112,371,613
229,Ohio State,33,20,13,.606,9.85,7.43,11,7,14,5,4,6,2324,2244,,1335,830,1869,.444,208,612,.340,456,679,.672,350,1241,379,183,178,425,584
230,Ohio,32,21,11,.656,2.35,-0.91,11,7,14,2,5,6,2508,2383,,1285,859,1818,.472,273,699,.391,517,689,.750,273,1136,448,138,117,379,590
231,Oklahoma State,32,12,20,.375,8.81,9.43,3,15,8,8,1,9,2128,2148,,1295,723,1709,.423,205,625,.328,477,654,.729,310,1111,389,179,132,399,636
232,Oklahoma,32,25,7,.781,20.99,11.02,12,6,14,1,7,5,2573,2254,,1295,884,1928,.459,334,784,.426,471,647,.728,342,1242,465,221,167,413,538
233,Old Dominion,34,22,12,.647,4.25,-2.66,12,6,11,4,7,6,2344,2109,,1370,887,1995,.445,142,466,.305,428,632,.677,449,1318,457,193,141,308,627
234,Oral Roberts,31,14,17,.452,-2.36,0.92,6,10,8,4,4,12,2356,2384,,1245,832,1821,.457,194,514,.377,498,665,.749,299,1101,384,162,133,373,563
235,Oregon State,31,19,12,.613,11.02,9.59,9,9,12,3,4,7,2234,2169,,1240,786,1783,.441,211,570,.370,451,672,.671,330,1074,418,231,104,352,623
236,Oregon,33,27,6,.818,17.29,8.82,14,4,18,0,5,5,2592,2293,,1325,900,1933,.466,223,648,.344,569,794,.717,381,1193,448,246,196,385,593
237,Pacific,28,8,20,.286,-3.43,2.49,6,12,6,8,2,11,1948,2009,,1140,685,1559,.439,190,576,.330,388,575,.675,282,993,362,125,71,377,637
238,Penn State,32,16,16,.500,3.64,7.42,7,11,11,4,3,8,2107,2228,,1290,732,1799,.407,211,665,.317,432,621,.696,333,1109,322,166,141,361,644
239,Pennsylvania,28,11,17,.393,-6.24,-2.21,5,9,9,6,2,11,1911,2013,,1130,685,1606,.427,200,657,.304,341,508,.671,287,1001,381,146,75,371,513
240,Pepperdine,31,18,13,.581,2.92,2.02,10,8,10,3,6,7,2277,2208,,1260,813,1796,.453,154,446,.345,497,735,.676,339,1143,442,179,87,346,577
,,Overall,Overall,Overall,Overall,Overall,Overall,Conf.,Conf.,Home,Home,Away,Away,Points,Points,,School Totals,School Totals,School Totals,School Totals,School Totals,School Totals,School Totals,School Totals,School Totals,School Totals,School Totals,School Totals,School Totals,School Totals,School Totals,School Totals,School Totals
Rk,School,G,W,L,W-L%,SRS,SOS,W,L,W,L,W,L,Tm.,Opp.,,MP,FG,FGA,FG%,3P,3PA,3P%,FT,FTA,FT%,ORB,TRB,AST,STL,BLK,TOV,PF
241,Pittsburgh,32,21,11,.656,15.78,8.72,9,9,15,4,3,6,2433,2173,,1290,860,1871,.460,201,578,.348,512,679,.754,410,1221,541,159,118,373,562
242,Portland State,31,13,18,.419,-7.94,-5.74,8,10,8,6,4,11,2408,2409,,1240,908,1904,.477,167,519,.322,425,645,.659,329,1096,527,263,112,392,589
243,Portland,32,12,20,.375,-2.07,0.71,6,12,8,7,3,9,2483,2552,,1285,868,2012,.431,289,787,.367,458,633,.724,369,1130,425,208,128,389,697
244,Prairie View,31,7,24,.226,-17.11,-6.50,7,11,4,6,3,16,1873,2202,,1240,657,1727,.380,127,467,.272,432,630,.686,355,998,269,239,84,462,691
245,Presbyterian,31,11,20,.355,-12.97,-4.58,5,13,7,8,3,11,2093,2259,,1245,754,1743,.433,148,502,.295,437,615,.711,298,1047,350,206,60,430,595
246,Princeton,28,22,6,.786,7.35,-2.06,12,2,13,0,9,5,2213,1903,,1130,771,1653,.466,271,697,.389,400,566,.707,279,1033,419,199,100,317,478
247,Providence,33,23,10,.697,11.93,7.68,10,8,13,4,7,4,2441,2301,,1335,833,1974,.422,234,729,.321,541,744,.727,385,1208,525,219,119,385,556
248,Purdue,32,25,7,.781,20.79,7.23,12,6,17,1,5,5,2505,2071,,1285,884,1870,.473,252,676,.373,485,656,.739,382,1319,570,136,150,384,558
249,Quinnipiac,30,9,21,.300,-9.93,-4.53,6,14,6,8,3,11,1969,2131,,1215,698,1897,.368,229,671,.341,344,532,.647,495,1299,377,146,141,458,611
250,Radford,31,16,15,.516,-4.77,-3.04,9,9,8,6,7,7,2266,2248,,1270,844,1885,.448,226,658,.343,352,541,.651,408,1173,410,183,138,411,580
251,Rhode Island,32,17,15,.531,8.14,3.51,9,9,13,4,3,9,2220,2072,,1295,782,1762,.444,213,584,.365,443,662,.669,335,1118,391,170,159,369,606
252,Rice,32,12,20,.375,-8.59,-2.49,7,11,9,8,3,11,2427,2576,,1285,813,1798,.452,228,716,.318,573,773,.741,295,1051,419,205,89,418,562
253,Richmond,32,16,16,.500,7.56,4.85,7,11,9,7,5,7,2450,2363,,1295,890,1848,.482,240,674,.356,430,652,.660,251,1021,531,210,74,327,610
254,Rider,33,13,20,.394,-4.57,-3.17,8,12,7,6,4,12,2177,2223,,1340,769,1803,.427,204,647,.315,435,638,.682,330,1170,416,189,124,420,587
255,Robert Morris,32,10,22,.313,-13.23,-7.45,8,10,4,8,5,14,2082,2267,,1285,741,1780,.416,178,645,.276,422,633,.667,303,1042,400,265,127,448,552
256,Rutgers,32,7,25,.219,-6.66,6.83,1,17,7,11,0,11,2166,2571,,1295,785,1878,.418,161,503,.320,435,640,.680,314,1113,377,195,113,441,562
257,Sacramento State,31,14,17,.452,-8.40,-5.09,6,12,10,5,3,11,2210,2237,,1245,790,1784,.443,209,618,.338,421,627,.671,302,1112,434,175,130,365,631
258,Sacred Heart,30,12,18,.400,-12.64,-8.68,11,7,6,5,5,13,2217,2336,,1210,785,1795,.437,169,544,.311,478,695,.688,378,1128,363,190,77,430,625
259,Saint Francis (PA),30,13,17,.433,-12.21,-8.69,9,9,8,6,5,11,2110,2181,,1210,716,1700,.421,218,607,.359,460,662,.695,349,1093,356,140,95,376,515
260,Saint Joseph's,32,25,7,.781,11.44,3.79,13,5,12,4,10,2,2469,2224,,1285,866,1924,.450,226,693,.326,511,716,.714,332,1237,480,164,110,318,506
,,Overall,Overall,Overall,Overall,Overall,Overall,Conf.,Conf.,Home,Home,Away,Away,Points,Points,,School Totals,School Totals,School Totals,School Totals,School Totals,School Totals,School Totals,School Totals,School Totals,School Totals,School Totals,School Totals,School Totals,School Totals,School Totals,School Totals,School Totals
Rk,School,G,W,L,W-L%,SRS,SOS,W,L,W,L,W,L,Tm.,Opp.,,MP,FG,FGA,FG%,3P,3PA,3P%,FT,FTA,FT%,ORB,TRB,AST,STL,BLK,TOV,PF
261,Saint Louis,32,11,21,.344,-2.58,3.64,5,13,7,11,3,8,2106,2305,,1290,724,1726,.419,199,607,.328,459,653,.703,230,1045,426,175,66,435,646
262,Saint Mary's (CA),32,27,5,.844,14.40,0.79,15,3,18,1,7,3,2397,1951,,1280,879,1726,.509,284,687,.413,355,509,.697,289,1126,538,156,110,303,499
263,Saint Peter's,30,14,16,.467,-4.60,-3.90,12,8,9,5,5,10,1966,1987,,1210,700,1660,.422,183,560,.327,383,582,.658,321,1102,357,164,96,392,528
264,Sam Houston State,33,18,15,.545,-5.53,-6.12,12,6,10,4,6,9,2474,2346,,1325,851,1958,.435,255,746,.342,517,747,.692,375,1224,554,182,56,380,726
265,Samford,33,14,19,.424,-5.48,-4.03,4,14,6,7,5,11,2440,2442,,1345,845,1857,.455,177,548,.323,573,798,.718,346,1143,435,226,113,453,691
266,San Diego State,33,25,8,.758,11.62,3.85,16,2,13,4,9,2,2252,1981,,1330,754,1795,.420,194,604,.321,550,801,.687,386,1281,349,186,178,411,576
267,San Diego,30,9,21,.300,-7.61,1.59,4,14,6,7,1,11,1822,2074,,1200,630,1614,.390,192,673,.285,370,559,.662,289,995,328,139,118,408,640
268,San Francisco,30,15,15,.500,-2.72,-0.48,8,10,10,7,5,7,2329,2362,,1220,808,1839,.439,233,659,.354,480,708,.678,389,1181,371,162,88,379,619
269,San Jose State,31,9,22,.290,-5.80,1.34,4,14,7,7,1,13,2186,2290,,1245,756,1783,.424,212,690,.307,462,701,.659,322,1130,449,186,120,429,687
270,Santa Clara,31,11,20,.355,-4.53,2.00,7,11,7,8,3,9,2083,2272,,1265,713,1741,.410,232,675,.344,425,592,.718,279,1047,383,134,83,349,613
271,Savannah State,31,16,15,.516,-15.13,-8.65,9,7,12,2,2,12,1933,2092,,1245,652,1637,.398,196,623,.315,431,659,.654,290,998,323,188,81,458,619
272,Seattle,30,14,16,.467,-9.24,-4.81,7,7,9,7,3,8,1952,2004,,1205,696,1632,.426,182,510,.357,378,568,.665,341,1101,393,182,48,468,542
273,Seton Hall,32,24,8,.750,14.56,7.34,12,6,13,3,7,4,2401,2170,,1285,845,1882,.449,196,554,.354,515,769,.670,416,1286,438,231,149,442,603
274,Siena,33,21,12,.636,2.32,-2.87,13,7,12,2,7,9,2579,2408,,1345,900,1937,.465,206,565,.365,573,792,.723,449,1336,477,202,151,526,695
275,South Alabama,33,14,19,.424,-7.98,-1.82,8,12,8,6,4,11,2284,2426,,1345,784,1917,.409,213,660,.323,503,747,.673,390,1228,350,221,132,482,664
276,South Carolina State,32,19,13,.594,-9.47,-8.14,12,4,10,1,6,11,2342,2326,,1280,828,1832,.452,192,550,.349,494,682,.724,325,1081,409,147,85,372,609
277,South Carolina Upstate,32,10,22,.313,-13.66,-4.27,4,10,7,10,3,12,2315,2495,,1290,860,1914,.449,218,640,.341,377,590,.639,420,1226,484,175,106,449,623
278,South Carolina,32,24,8,.750,12.69,6.27,11,7,15,2,5,5,2429,2208,,1290,820,1920,.427,202,573,.353,587,861,.682,457,1312,424,221,139,444,645
279,South Dakota State,33,26,7,.788,5.53,-1.51,12,4,13,0,8,7,2517,2237,,1320,853,1891,.451,245,686,.357,566,766,.739,370,1251,373,164,82,386,651
280,South Dakota,32,14,18,.438,-5.30,-0.60,5,11,6,6,5,10,2443,2537,,1305,912,1954,.467,201,565,.356,418,596,.701,289,1077,492,209,113,386,662
,,Overall,Overall,Overall,Overall,Overall,Overall,Conf.,Conf.,Home,Home,Away,Away,Points,Points,,School Totals,School Totals,School Totals,School Totals,School Totals,School Totals,School Totals,School Totals,School Totals,School Totals,School Totals,School Totals,School Totals,School Totals,School Totals,School Totals,School Totals
Rk,School,G,W,L,W-L%,SRS,SOS,W,L,W,L,W,L,Tm.,Opp.,,MP,FG,FGA,FG%,3P,3PA,3P%,FT,FTA,FT%,ORB,TRB,AST,STL,BLK,TOV,PF
281,South Florida,33,8,25,.242,-2.61,5.48,4,14,4,14,3,9,2085,2352,,1320,774,1852,.418,133,465,.286,404,612,.660,413,1271,331,150,176,482,588
282,Southeast Missouri State,29,5,24,.172,-15.86,-3.23,2,14,3,10,2,14,1944,2252,,1165,699,1710,.409,154,513,.300,392,612,.641,325,1022,358,218,46,401,514
283,Southeastern Louisiana,33,12,21,.364,-13.33,-7.27,9,9,9,3,2,15,2344,2489,,1325,831,1833,.453,241,648,.372,441,694,.635,336,1140,472,211,89,504,688
284,Southern California,33,21,12,.636,14.06,7.96,9,9,16,2,3,7,2668,2467,,1340,954,2086,.457,260,675,.385,500,737,.678,397,1302,491,209,179,404,576
285,SIU Edwardsville,28,6,22,.214,-10.56,-2.38,3,13,3,11,3,11,1839,2068,,1130,634,1591,.398,158,519,.304,413,587,.704,339,999,303,138,112,376,619
286,Southern Illinois,32,22,10,.688,2.76,-1.34,11,7,12,4,9,4,2360,2229,,1290,828,1827,.453,212,618,.343,492,718,.685,357,1135,371,232,63,438,685
287,Southern Methodist,30,25,5,.833,18.72,4.85,13,5,16,1,7,4,2319,1903,,1200,858,1727,.497,194,462,.420,409,584,.700,396,1183,528,182,137,370,472
288,Southern Mississippi,29,8,21,.276,-10.39,-3.47,5,13,6,9,2,12,1866,2045,,1180,612,1496,.409,257,721,.356,385,540,.713,228,920,353,156,63,386,543
289,Southern Utah,30,6,24,.200,-17.10,-3.96,3,15,3,10,3,13,2119,2429,,1210,739,1682,.439,210,577,.364,431,607,.710,244,926,356,170,86,393,621
290,Southern,33,21,12,.636,-7.12,-9.02,11,7,12,1,6,10,2425,2294,,1320,869,1934,.449,204,576,.354,483,726,.665,348,1184,363,248,118,369,637
291,St. Bonaventure,30,22,8,.733,7.25,2.28,14,4,14,2,8,5,2334,2185,,1210,786,1764,.446,247,656,.377,515,667,.772,330,1069,408,177,128,345,587
292,St. Francis (NY),32,15,17,.469,-10.91,-8.91,11,7,9,5,6,11,2095,2131,,1290,710,1787,.397,240,776,.309,435,652,.667,390,1184,370,191,161,442,600
293,St. John's (NY),32,8,24,.250,-2.01,7.83,1,17,6,10,0,10,2174,2472,,1280,757,1864,.406,206,633,.325,454,714,.636,346,1141,413,202,173,489,680
294,Stanford,30,15,15,.500,8.54,10.89,8,10,12,5,2,8,2088,2111,,1210,704,1653,.426,172,538,.320,508,742,.685,329,1030,350,203,94,355,600
295,Stephen F. Austin,31,26,5,.839,8.11,-6.93,18,0,14,0,9,4,2501,1961,,1240,898,1853,.485,250,674,.371,455,623,.730,366,1094,589,278,114,387,638
296,Stetson,34,12,22,.353,-10.69,-4.26,4,10,6,8,5,13,2729,2807,,1390,962,2124,.453,282,773,.365,523,725,.721,334,1213,519,215,83,418,614
297,Stony Brook,31,25,6,.806,4.26,-6.15,14,2,14,1,11,5,2378,1956,,1245,885,1857,.477,212,570,.372,396,591,.670,388,1234,510,191,141,355,490
298,Syracuse,32,19,13,.594,13.60,9.10,9,9,13,4,3,7,2247,2103,,1295,766,1794,.427,280,776,.361,435,637,.683,378,1129,445,259,128,385,530
299,Temple,31,21,10,.677,7.91,6.16,14,4,11,3,8,4,2135,2081,,1260,769,1891,.407,247,719,.344,350,507,.690,341,1140,423,166,97,281,498
300,Tennessee-Martin,33,19,14,.576,-5.67,-4.76,10,6,11,2,7,9,2398,2338,,1335,833,1879,.443,256,746,.343,476,671,.709,356,1208,400,191,67,403,582
,,Overall,Overall,Overall,Overall,Overall,Overall,Conf.,Conf.,Home,Home,Away,Away,Points,Points,,School Totals,School Totals,School Totals,School Totals,School Totals,School Totals,School Totals,School Totals,School Totals,School Totals,School Totals,School Totals,School Totals,School Totals,School Totals,School Totals,School Totals
Rk,School,G,W,L,W-L%,SRS,SOS,W,L,W,L,W,L,Tm.,Opp.,,MP,FG,FGA,FG%,3P,3PA,3P%,FT,FTA,FT%,ORB,TRB,AST,STL,BLK,TOV,PF
301,Tennessee State,30,20,10,.667,-1.54,-5.32,11,5,11,2,7,7,2200,2056,,1210,771,1692,.456,163,495,.329,495,712,.695,341,1115,316,231,107,407,621
302,Tennessee Tech,30,19,11,.633,-2.69,-3.73,11,5,14,1,5,9,2357,2265,,1205,771,1681,.459,259,710,.365,556,749,.742,285,1076,432,158,117,375,584
303,Tennessee,34,15,19,.441,8.23,8.28,6,12,12,4,1,11,2554,2556,,1360,890,2116,.421,251,767,.327,523,721,.725,428,1292,459,180,156,384,662
304,Texas A&M-Corpus Christi,31,25,6,.806,-2.01,-6.01,15,3,13,1,10,5,2296,2130,,1240,792,1806,.439,203,591,.343,509,689,.739,353,1092,401,299,146,390,655
305,Texas A&M,32,25,7,.781,18.57,8.41,13,5,17,1,5,5,2433,2108,,1285,852,1888,.451,245,695,.353,484,717,.675,407,1230,550,227,118,375,578
306,Texas-Arlington,32,23,9,.719,6.27,-2.93,13,7,13,2,9,7,2556,2213,,1295,874,2058,.425,287,868,.331,521,751,.694,474,1404,548,233,89,434,674
307,Texas Christian,33,12,21,.364,4.73,9.28,2,16,9,9,1,10,2209,2359,,1320,734,1810,.406,187,558,.335,554,826,.671,355,1111,382,213,126,478,675
308,Texas-El Paso,33,19,14,.576,-3.56,-4.69,10,8,14,4,2,9,2554,2471,,1335,896,1926,.465,223,618,.361,539,809,.666,299,1196,512,197,116,416,672
309,Texas-Rio Grande Valley,30,8,22,.267,-17.57,-3.94,4,10,7,6,1,13,1993,2330,,1200,716,1712,.418,212,633,.335,349,520,.671,258,1004,459,143,91,372,536
310,Texas-San Antonio,32,5,27,.156,-16.15,-3.15,3,15,4,10,1,14,2317,2698,,1290,796,1915,.416,220,691,.318,505,719,.702,327,1086,366,206,80,435,701
311,Texas Southern,32,18,14,.563,-4.55,-7.27,16,2,9,0,7,12,2330,2243,,1280,819,1788,.458,219,642,.341,473,752,.629,395,1210,456,143,96,424,485
312,Texas State,31,15,16,.484,-5.08,-4.01,8,12,10,4,4,11,2046,1993,,1250,727,1692,.430,149,459,.325,443,658,.673,335,1063,366,189,96,368,576
313,Texas Tech,31,19,12,.613,13.27,10.72,9,9,14,3,3,7,2244,2165,,1255,760,1700,.447,178,516,.345,546,732,.746,320,1058,404,182,130,368,573
314,Texas,32,20,12,.625,15.80,12.52,11,7,14,3,5,5,2283,2178,,1290,789,1828,.432,223,658,.339,482,725,.665,351,1107,367,165,140,332,664
315,Toledo,32,17,15,.531,3.15,-2.17,8,10,9,6,6,8,2482,2286,,1280,865,1881,.460,263,722,.364,489,655,.747,306,1161,523,167,63,373,552
316,Towson,32,20,12,.625,0.68,-1.49,11,7,12,3,7,6,2286,2137,,1290,779,1825,.427,178,553,.322,550,810,.679,461,1257,361,199,150,391,651
317,Troy,31,9,22,.290,-8.99,-1.85,4,16,4,10,4,10,2145,2329,,1250,740,1817,.407,208,675,.308,457,713,.641,349,1132,349,185,88,376,582
318,Tulane,33,12,21,.364,-0.32,3.86,3,15,6,10,2,10,2186,2324,,1350,784,1966,.399,211,697,.303,407,604,.674,405,1231,365,212,129,431,627
319,Tulsa,31,20,11,.645,10.11,5.79,12,6,12,3,6,5,2294,2160,,1250,796,1793,.444,216,656,.329,486,716,.679,313,1087,425,211,83,332,548
320,UCLA,32,15,17,.469,10.86,10.08,6,12,11,6,3,7,2480,2455,,1295,915,2016,.454,200,551,.363,450,651,.691,393,1266,502,175,110,389,595
,,Overall,Overall,Overall,Overall,Overall,Overall,Conf.,Conf.,Home,Home,Away,Away,Points,Points,,School Totals,School Totals,School Totals,School Totals,School Totals,School Totals,School Totals,School Totals,School Totals,School Totals,School Totals,School Totals,School Totals,School Totals,School Totals,School Totals,School Totals
Rk,School,G,W,L,W-L%,SRS,SOS,W,L,W,L,W,L,Tm.,Opp.,,MP,FG,FGA,FG%,3P,3PA,3P%,FT,FTA,FT%,ORB,TRB,AST,STL,BLK,TOV,PF
321,Utah State,31,16,15,.516,2.66,2.04,7,11,10,6,5,8,2274,2217,,1240,802,1779,.451,257,695,.370,413,597,.692,319,1107,454,171,81,373,546
322,Utah Valley,30,12,18,.400,-9.31,-3.31,6,8,7,7,5,9,2280,2360,,1210,785,1833,.428,256,729,.351,454,628,.723,275,1100,435,176,95,398,627
323,Utah,33,26,7,.788,17.48,8.79,13,5,16,1,5,5,2582,2263,,1340,909,1854,.490,252,697,.362,512,719,.712,320,1248,522,179,142,394,508
324,Valparaiso,32,26,6,.813,10.27,-1.36,16,2,14,1,12,4,2425,1991,,1290,836,1892,.442,260,718,.362,493,681,.724,417,1345,444,222,143,412,639
325,Vanderbilt,32,19,13,.594,18.27,8.86,11,7,14,2,3,9,2456,2155,,1290,841,1826,.461,270,695,.388,504,721,.699,304,1235,478,138,177,370,610
326,Vermont,33,21,12,.636,-1.35,-4.85,11,5,12,3,8,8,2476,2317,,1320,888,1823,.487,228,589,.387,472,672,.702,298,1167,448,184,143,432,632
327,Villanova,33,29,4,.879,21.96,8.23,16,2,15,1,10,2,2550,2097,,1325,881,1879,.469,283,824,.343,505,649,.778,305,1176,539,224,113,365,578
328,Virginia Commonwealth,32,23,9,.719,13.83,3.58,14,4,15,2,7,4,2475,2147,,1290,897,1990,.451,230,640,.359,451,653,.691,405,1199,461,290,123,370,628
329,VMI,30,9,21,.300,-12.51,-2.69,4,14,8,6,1,14,2081,2264,,1205,729,1770,.412,263,783,.336,360,498,.723,290,996,330,184,126,394,586
330,Virginia Tech,33,19,14,.576,10.22,7.73,10,8,13,5,4,6,2461,2379,,1340,818,1822,.449,191,535,.357,634,906,.700,342,1140,402,178,113,422,634
331,Virginia,32,26,6,.813,22.23,11.08,13,5,15,0,5,6,2265,1908,,1285,826,1681,.491,190,466,.408,423,562,.753,280,1017,463,177,94,299,530
332,Wagner,32,22,10,.688,-4.42,-10.39,13,5,13,4,9,6,2256,2047,,1285,809,1896,.427,190,577,.329,448,629,.712,448,1282,426,221,131,423,696
333,Wake Forest,31,11,20,.355,5.87,10.87,2,16,6,9,3,9,2295,2450,,1250,793,1804,.440,195,618,.316,514,779,.660,377,1186,434,184,138,451,649
334,Washington State,31,9,22,.290,1.00,8.46,1,17,8,9,0,10,2187,2394,,1260,805,1760,.457,184,530,.347,393,551,.713,247,1048,419,155,134,434,615
335,Washington,32,18,14,.563,12.19,8.60,9,9,12,5,3,6,2668,2553,,1305,902,2124,.425,240,720,.333,624,863,.723,442,1278,461,245,213,441,767
336,Weber State,33,25,8,.758,0.27,-5.90,15,3,13,1,6,7,2547,2214,,1340,863,1780,.485,280,744,.376,541,801,.675,285,1238,449,162,112,439,585
337,West Virginia,33,26,7,.788,23.20,9.93,13,5,13,2,7,4,2622,2184,,1330,901,1993,.452,204,612,.333,616,921,.669,529,1300,487,324,86,456,768
338,Western Carolina,33,16,17,.485,-4.45,-1.05,10,8,12,2,3,14,2405,2411,,1345,827,1922,.430,234,706,.331,517,736,.702,389,1201,413,265,109,474,677
339,Western Illinois,27,10,17,.370,-5.91,-1.03,3,13,7,6,3,11,1904,1914,,1080,676,1521,.444,190,490,.388,362,502,.721,233,948,361,163,89,332,555
340,Western Kentucky,34,18,16,.529,-1.15,-0.75,8,10,12,4,3,9,2620,2586,,1385,925,1970,.470,233,643,.362,537,768,.699,404,1311,463,151,139,449,610
,,Overall,Overall,Overall,Overall,Overall,Overall,Conf.,Conf.,Home,Home,Away,Away,Points,Points,,School Totals,School Totals,School Totals,School Totals,School Totals,School Totals,School Totals,School Totals,School Totals,School Totals,School Totals,School Totals,School Totals,School Totals,School Totals,School Totals,School Totals
Rk,School,G,W,L,W-L%,SRS,SOS,W,L,W,L,W,L,Tm.,Opp.,,MP,FG,FGA,FG%,3P,3PA,3P%,FT,FTA,FT%,ORB,TRB,AST,STL,BLK,TOV,PF
341,Western Michigan,32,13,19,.406,-1.79,0.35,7,11,10,5,2,12,2342,2352,,1310,786,1824,.431,197,569,.346,573,805,.712,359,1190,382,183,80,398,633
342,Wichita State,32,24,8,.750,16.69,2.98,16,2,14,1,9,3,2343,1896,,1290,801,1846,.434,234,710,.330,507,710,.714,373,1199,460,231,118,316,644
343,William & Mary,31,20,11,.645,5.93,1.65,11,7,12,3,7,7,2384,2205,,1250,843,1755,.480,241,652,.370,457,636,.719,263,1142,501,170,132,331,512
344,Winthrop,32,23,9,.719,-0.99,-5.27,13,5,14,1,7,7,2631,2429,,1280,890,1869,.476,285,768,.371,566,756,.749,291,1160,378,174,175,403,602
345,Wisconsin,32,20,12,.625,13.55,9.24,12,6,13,5,6,5,2204,2066,,1290,751,1748,.430,211,590,.358,491,694,.707,368,1117,371,188,102,350,541
346,Wofford,32,15,17,.469,-3.37,-1.97,11,7,11,2,4,14,2296,2295,,1295,771,1725,.447,270,662,.408,484,645,.750,273,1013,470,163,56,377,608
347,Wright State,35,22,13,.629,0.26,-1.68,13,5,13,2,5,9,2399,2303,,1405,856,1916,.447,256,687,.373,431,621,.694,232,1094,478,193,75,395,770
348,Wyoming,32,14,18,.438,0.13,2.23,7,11,10,6,4,8,2294,2302,,1295,720,1626,.443,319,857,.372,535,747,.716,179,989,392,132,84,358,594
349,Xavier,32,27,5,.844,18.79,8.48,14,4,15,1,8,3,2603,2273,,1280,876,1938,.452,243,672,.362,608,832,.731,418,1308,524,234,98,406,645
350,Yale,28,22,6,.786,8.65,-2.32,13,1,12,0,9,6,2105,1768,,1125,744,1579,.471,181,484,.374,436,657,.664,378,1130,425,162,128,375,497
351,Youngstown State,32,11,21,.344,-10.78,-0.78,6,12,6,8,3,11,2437,2682,,1305,870,2021,.430,257,704,.365,440,619,.711,283,1081,467,219,80,387,571