,,Overall,Overall,Overall,Overall,Overall,Overall,Conf.,Conf.,Home,Home,Away,Away,Points,Points,,,Opponent Totals,Opponent Totals,Opponent Totals,Opponent Totals,Opponent Totals,Opponent Totals,Opponent Totals,Opponent Totals,Opponent Totals,Opponent Totals,Opponent Totals,Opponent Totals,Opponent Totals,Opponent Totals,Opponent Totals,Opponent Totals
Rk,School,G,W,L,W-L%,SRS,SOS,W,L,W,L,W,L,Tm.,Opp.,,MP,FG,FGA,FG%,3P,3PA,3P%,FT,FTA,FT%,ORB,TRB,AST,STL,BLK,TOV,PF
1,Abilene Christian,31,13,18,.419,-13.69,-7.29,8,10,10,5,2,12,2209,2272,,1250,792,1662,.477,168,486,.346,520,735,.707,266,1031,376,160,98,448,596
2,Air Force,32,14,18,.438,-5.46,0.70,5,13,12,5,2,13,2189,2330,,1300,784,1823,.430,290,843,.344,472,667,.708,326,1187,470,211,133,436,664
3,Akron,33,26,7,.788,6.17,-1.42,13,5,15,0,6,7,2558,2245,,1320,816,1975,.413,190,649,.293,423,636,.665,370,1215,376,193,74,381,607
4,Alabama A&M,29,11,18,.379,-13.21,-10.50,6,12,6,5,4,12,1974,2042,,1175,726,1599,.454,168,520,.323,422,637,.662,307,1025,351,171,84,316,590
5,Alabama-Birmingham,32,26,6,.813,3.91,-3.45,16,2,16,0,10,3,2527,2226,,1300,803,1948,.412,220,682,.323,400,577,.693,377,1104,404,198,102,405,578
6,Alabama State,31,14,17,.452,-12.79,-9.03,9,9,8,3,5,12,2217,2308,,1260,808,1744,.463,193,569,.339,499,768,.650,324,1170,404,187,106,400,548
7,Alabama,32,18,14,.563,7.88,8.85,8,10,10,4,5,7,2139,2170,,1290,740,1818,.407,206,628,.328,484,723,.669,416,1214,358,183,91,388,629
8,Albany (NY),32,24,8,.750,1.20,-7.70,13,3,14,1,10,7,2405,2086,,1290,770,1830,.421,218,723,.302,328,491,.668,306,989,386,169,126,422,684
9,Alcorn State,30,15,15,.500,-15.74,-9.67,13,5,9,2,6,9,2014,2164,,1225,748,1673,.447,215,592,.363,453,646,.701,324,1038,384,205,95,357,583
10,American,31,12,19,.387,-13.87,-5.78,9,9,5,7,7,12,1785,2036,,1250,735,1568,.469,147,473,.311,419,628,.667,284,992,362,225,75,370,530
11,Appalachian State,31,9,22,.290,-7.71,-0.90,7,13,6,7,2,12,2187,2398,,1240,856,1852,.462,183,474,.386,503,738,.682,357,1157,373,197,116,349,673
12,Arizona State,32,15,17,.469,8.67,9.36,5,13,11,6,3,9,2345,2367,,1290,830,1812,.458,224,633,.354,483,690,.700,302,1159,483,186,150,411,670
13,Arizona,33,25,8,.758,19.48,7.27,12,6,17,1,5,5,2680,2277,,1350,829,2008,.413,201,626,.321,418,587,.712,313,1025,403,178,112,382,722
14,Arkansas-Little Rock,31,27,4,.871,6.59,-3.10,17,3,14,0,12,4,2199,1853,,1245,620,1609,.385,195,633,.308,418,609,.686,323,1046,319,121,82,431,545
15,Arkansas-Pine Bluff,33,8,25,.242,-18.94,-5.15,6,12,3,6,4,17,1867,2322,,1325,747,1701,.439,180,557,.323,648,913,.710,408,1248,441,271,99,438,524
16,Arkansas State,31,11,20,.355,-7.29,-2.18,7,13,9,6,2,14,2282,2353,,1260,791,1983,.399,259,737,.351,512,757,.676,401,1257,399,195,94,355,675
17,Arkansas,32,16,16,.500,10.73,7.26,9,9,13,4,3,8,2501,2390,,1305,803,1844,.435,231,644,.359,553,790,.700,349,1187,447,165,140,454,658
18,Army,32,19,13,.594,-6.69,-7.98,9,9,7,8,11,5,2474,2395,,1310,888,2000,.444,191,551,.347,428,641,.668,336,1190,399,228,106,392,632
19,Auburn,31,11,20,.355,0.60,7.99,5,13,8,7,2,11,2192,2421,,1245,832,1877,.443,232,667,.348,525,752,.698,376,1270,439,187,122,400,656
20,Austin Peay,35,18,17,.514,-5.83,-3.47,7,9,7,7,7,9,2661,2660,,1420,956,2089,.458,296,824,.359,450,640,.703,365,1195,501,244,99,468,738
,,Overall,Overall,Overall,Overall,Overall,Overall,Conf.,Conf.,Home,Home,Away,Away,Points,Points,,,Opponent Totals,Opponent Totals,Opponent Totals,Opponent Totals,Opponent Totals,Opponent Totals,Opponent Totals,Opponent Totals,Opponent Totals,Opponent Totals,Opponent Totals,Opponent Totals,Opponent Totals,Opponent Totals,Opponent Totals,Opponent Totals
Rk,School,G,W,L,W-L%,SRS,SOS,W,L,W,L,W,L,Tm.,Opp.,,MP,FG,FGA,FG%,3P,3PA,3P%,FT,FTA,FT%,ORB,TRB,AST,STL,BLK,TOV,PF
21,Ball State,32,19,13,.594,0.33,-2.86,10,8,12,6,5,7,2251,2116,,1295,719,1774,.405,216,633,.341,462,657,.703,308,1088,362,200,64,362,587
22,Baylor,33,22,11,.667,17.03,10.34,10,8,15,5,6,5,2546,2287,,1335,797,1794,.444,228,622,.367,463,664,.697,306,975,584,220,130,451,649
23,Belmont,31,20,11,.645,1.31,-2.39,12,4,11,1,8,9,2554,2417,,1245,843,1921,.439,231,668,.346,500,698,.716,360,1105,402,225,97,379,647
24,Bethune-Cookman,32,14,18,.438,-13.96,-8.79,10,6,9,2,5,13,2258,2330,,1295,830,1923,.432,228,672,.339,442,647,.683,428,1258,478,173,86,389,582
25,Binghamton,30,8,22,.267,-13.88,-6.15,5,11,5,9,3,13,1827,2059,,1205,728,1675,.435,204,606,.337,399,576,.693,298,1108,397,211,84,372,553
26,Boise State,32,20,12,.625,7.26,3.16,11,7,14,2,5,7,2480,2246,,1290,785,1765,.445,234,669,.350,442,631,.700,264,1054,388,169,105,472,675
27,Boston College,32,7,25,.219,-1.41,7.87,0,18,6,11,0,10,1959,2256,,1285,796,1732,.460,224,587,.382,440,641,.686,302,1174,467,234,110,415,504
28,Boston University,32,18,14,.563,-6.64,-6.45,11,7,9,6,9,8,2342,2315,,1295,819,1898,.432,227,692,.328,450,652,.690,331,1117,443,201,77,371,590
29,Bowling Green State,34,16,18,.471,-5.65,-1.62,5,13,7,8,7,8,2400,2457,,1360,853,1978,.431,278,745,.373,473,685,.691,350,1208,379,207,103,403,684
30,Bradley,32,5,27,.156,-10.86,3.76,3,15,4,11,1,12,1793,2238,,1290,737,1675,.440,188,544,.346,576,866,.665,288,1121,397,247,99,374,647
31,Brigham Young,33,23,10,.697,12.14,1.67,13,5,14,2,6,6,2758,2382,,1325,831,2013,.413,251,757,.332,469,648,.724,314,1188,444,179,113,430,654
32,Brown,28,8,20,.286,-8.04,-2.82,3,11,7,6,1,13,2040,2155,,1140,757,1726,.439,218,613,.356,423,617,.686,338,1092,401,217,97,324,551
33,Bryant,31,8,23,.258,-18.24,-6.38,5,13,4,10,4,13,2018,2361,,1250,841,1880,.447,251,759,.331,428,589,.727,378,1217,480,215,114,346,501
34,Bucknell,30,17,13,.567,-1.69,-5.97,14,4,8,7,9,6,2368,2198,,1225,746,1757,.425,218,627,.348,488,731,.668,314,1026,428,211,127,395,643
35,Buffalo,33,19,14,.576,1.10,0.50,10,8,10,5,5,9,2573,2494,,1330,859,1985,.433,238,707,.337,538,754,.714,362,1198,432,185,108,438,692
36,Butler,31,21,10,.677,16.28,6.86,10,8,13,3,5,5,2498,2206,,1245,764,1773,.431,222,655,.339,456,642,.710,299,1022,389,141,139,409,641
37,Cal Poly,30,10,20,.333,-3.17,1.22,4,12,5,7,3,12,2171,2255,,1220,792,1720,.460,213,547,.389,458,658,.696,287,1102,455,152,99,326,566
38,Cal State Bakersfield,31,23,8,.742,2.63,-6.05,11,3,14,1,7,7,2280,1968,,1250,649,1660,.391,183,572,.320,487,700,.696,326,1060,317,163,98,475,629
39,Cal State Fullerton,30,10,20,.333,-6.86,-0.50,3,13,5,8,5,9,2104,2227,,1205,752,1753,.429,238,677,.352,485,664,.730,307,1096,436,162,118,341,611
40,Cal State Northridge,30,10,20,.333,-6.55,-0.55,5,11,5,7,4,12,2143,2261,,1225,799,1815,.440,232,600,.387,431,630,.684,348,1150,462,196,113,415,628
,,Overall,Overall,Overall,Overall,Overall,Overall,Conf.,Conf.,Home,Home,Away,Away,Points,Points,,,Opponent Totals,Opponent Totals,Opponent Totals,Opponent Totals,Opponent Totals,Opponent Totals,Opponent Totals,Opponent Totals,Opponent Totals,Opponent Totals,Opponent Totals,Opponent Totals,Opponent Totals,Opponent Totals,Opponent Totals,Opponent Totals
Rk,School,G,W,L,W-L%,SRS,SOS,W,L,W,L,W,L,Tm.,Opp.,,MP,FG,FGA,FG%,3P,3PA,3P%,FT,FTA,FT%,ORB,TRB,AST,STL,BLK,TOV,PF
41,UC-Davis,30,11,19,.367,-5.28,-0.96,6,10,8,7,3,11,1914,1980,,1225,707,1710,.413,196,632,.310,370,517,.716,296,1057,409,223,103,408,566
42,UC-Irvine,34,25,9,.735,5.69,1.10,13,3,11,2,10,4,2417,2240,,1370,758,1959,.387,241,708,.340,483,659,.733,364,1171,480,180,77,393,657
43,UC-Riverside,33,14,19,.424,-5.40,-2.82,5,11,7,9,7,9,2299,2300,,1320,796,1861,.428,198,583,.340,510,713,.715,321,1135,428,208,115,392,608
44,UC-Santa Barbara,31,18,13,.581,4.50,1.74,11,5,6,5,10,6,2216,2092,,1245,693,1730,.401,217,722,.301,489,709,.690,324,1103,389,156,88,388,512
45,University of California,33,23,10,.697,16.46,8.37,12,6,18,0,4,7,2479,2212,,1335,762,1937,.393,180,513,.351,508,720,.706,325,1097,361,169,97,318,668
46,Campbell,30,12,18,.400,-10.68,-6.27,5,13,7,9,5,8,2207,2203,,1205,783,1708,.458,198,538,.368,439,649,.676,314,1109,357,180,76,404,596
47,Canisius,33,14,19,.424,-5.21,-3.36,8,12,7,7,4,11,2526,2587,,1355,892,1872,.476,273,718,.380,530,730,.726,353,1228,526,175,114,455,663
48,Central Arkansas,28,7,21,.250,-14.92,-6.56,6,12,4,6,2,14,2110,2344,,1120,811,1729,.469,239,618,.387,483,669,.722,303,1028,443,196,114,324,553
49,Central Connecticut State,29,4,25,.138,-22.04,-8.93,3,15,3,11,1,14,1888,2268,,1175,843,1775,.475,208,580,.359,374,542,.690,309,1096,444,204,114,299,495
50,Central Florida,30,12,18,.400,0.46,3.29,6,12,8,8,4,9,2062,2147,,1210,799,1925,.415,217,671,.323,332,482,.689,367,1089,440,224,92,277,552
51,Central Michigan,32,17,15,.531,-0.13,-0.89,10,8,13,3,4,8,2422,2325,,1285,833,1877,.444,220,641,.343,439,632,.695,359,1193,406,136,81,345,599
52,Charleston Southern,30,9,21,.300,-10.51,-2.18,5,13,6,8,3,12,2146,2253,,1210,783,1708,.458,242,658,.368,445,624,.713,267,1101,410,173,118,376,513
53,Charlotte,33,14,19,.424,-2.94,-1.52,9,9,8,7,5,8,2584,2631,,1340,961,1994,.482,264,672,.393,445,617,.721,314,1200,438,189,117,441,595
54,Chattanooga,34,29,5,.853,3.99,-3.70,15,3,13,1,10,4,2578,2265,,1370,829,1910,.434,225,694,.324,382,566,.675,337,1103,419,216,127,482,676
55,Chicago State,32,4,28,.125,-17.27,-1.13,0,14,4,9,0,15,2140,2478,,1280,826,1821,.454,291,763,.381,535,787,.680,366,1287,552,215,133,469,560
56,Cincinnati,32,22,10,.688,15.62,5.31,12,6,14,3,6,6,2342,2012,,1315,722,1849,.390,231,648,.356,337,498,.677,365,1107,367,165,105,440,557
57,Citadel,32,10,22,.313,-15.53,-4.33,3,15,6,8,3,13,2753,2962,,1285,1052,2050,.513,226,642,.352,632,900,.702,413,1440,551,218,130,536,645
58,Clemson,31,17,14,.548,12.29,7.13,10,8,13,4,3,8,2159,1999,,1250,723,1725,.419,205,587,.349,348,492,.707,327,1062,375,157,88,357,560
59,Cleveland State,32,9,23,.281,-9.06,0.20,4,14,5,9,3,10,1947,2169,,1285,738,1662,.444,200,587,.341,493,751,.656,336,1121,436,203,102,431,562
60,Coastal Carolina,29,18,11,.621,-1.59,-4.32,12,6,11,3,7,5,2167,1953,,1165,688,1730,.398,220,722,.305,357,546,.654,328,1015,342,173,80,317,536
,,Overall,Overall,Overall,Overall,Overall,Overall,Conf.,Conf.,Home,Home,Away,Away,Points,Points,,,Opponent Totals,Opponent Totals,Opponent Totals,Opponent Totals,Opponent Totals,Opponent Totals,Opponent Totals,Opponent Totals,Opponent Totals,Opponent Totals,Opponent Totals,Opponent Totals,Opponent Totals,Opponent Totals,Opponent Totals,Opponent Totals
Rk,School,G,W,L,W-L%,SRS,SOS,W,L,W,L,W,L,Tm.,Opp.,,MP,FG,FGA,FG%,3P,3PA,3P%,FT,FTA,FT%,ORB,TRB,AST,STL,BLK,TOV,PF
61,Colgate,30,13,17,.433,-8.37,-5.82,9,9,8,4,5,13,2093,2145,,1220,734,1599,.459,222,595,.373,455,664,.685,301,1042,384,166,108,386,530
62,College of Charleston,31,17,14,.548,2.78,0.45,8,10,10,5,6,8,2028,1921,,1250,657,1548,.424,173,535,.323,434,660,.658,274,1056,312,165,103,441,571
63,Colorado State,34,18,16,.529,2.28,1.50,8,10,12,5,3,8,2700,2626,,1400,918,2037,.451,283,804,.352,507,703,.721,305,1176,470,206,103,357,774
64,Colorado,33,22,11,.667,12.64,7.89,10,8,16,1,4,7,2509,2333,,1330,829,1980,.419,206,579,.356,469,693,.677,313,1104,349,246,145,361,672
65,Columbia,31,21,10,.677,2.37,-2.56,10,4,14,4,7,6,2362,2146,,1255,744,1687,.441,236,660,.358,422,608,.694,280,1028,400,140,97,404,571
66,Connecticut,32,22,10,.688,15.76,5.70,11,7,14,3,6,4,2347,2025,,1300,693,1810,.383,223,673,.331,416,628,.662,358,1103,367,168,116,392,521
67,Coppin State,31,9,22,.290,-15.29,-5.60,6,10,5,7,3,14,2240,2497,,1280,881,1872,.471,222,602,.369,513,799,.642,399,1284,461,176,123,429,647
68,Cornell,28,10,18,.357,-9.56,-1.04,3,11,5,8,5,10,1992,2193,,1130,765,1723,.444,220,613,.359,443,602,.736,370,1198,458,156,106,407,512
69,Creighton,32,18,14,.563,13.07,6.54,9,9,12,5,4,8,2546,2337,,1280,838,1910,.439,222,631,.352,439,636,.690,310,1131,426,196,97,405,638
70,Dartmouth,28,10,18,.357,-5.55,-3.26,4,10,8,6,2,12,1992,1989,,1130,678,1505,.450,212,611,.347,421,635,.663,271,934,362,189,133,409,570
71,Davidson,31,20,11,.645,6.49,4.79,10,8,15,1,3,9,2480,2416,,1245,887,1937,.458,239,689,.347,403,578,.697,354,1212,435,174,102,361,619
72,Dayton,31,25,6,.806,12.26,4.55,14,4,14,3,8,2,2263,2024,,1255,715,1769,.404,224,644,.348,370,570,.649,276,1025,392,150,91,381,614
73,Delaware State,32,7,25,.219,-20.49,-6.46,5,11,6,7,1,17,1980,2336,,1290,791,1821,.434,248,769,.322,506,740,.684,435,1311,478,189,100,425,569
74,Delaware,30,7,23,.233,-8.40,1.06,2,16,5,7,2,15,1986,2270,,1205,784,1800,.436,296,850,.348,406,574,.707,311,1099,489,189,120,275,606
75,Denver,31,16,15,.516,-3.07,-2.97,7,9,8,7,6,6,2021,2024,,1240,672,1480,.454,193,521,.370,487,642,.759,276,945,367,177,87,440,549
76,DePaul,31,9,22,.290,0.69,8.21,3,15,5,9,3,10,2092,2325,,1245,756,1711,.442,246,675,.364,567,766,.740,317,1034,466,206,98,377,606
77,Detroit Mercy,31,16,15,.516,-2.33,-0.71,9,9,11,4,4,10,2595,2567,,1245,862,1869,.461,239,681,.351,604,848,.712,330,1107,447,195,125,414,694
78,Drake,31,7,24,.226,-5.16,0.91,2,16,5,9,0,12,2093,2230,,1255,816,1805,.452,219,594,.369,379,543,.698,297,1031,375,188,130,302,585
79,Drexel,31,6,25,.194,-5.08,2.22,3,15,3,9,2,12,1958,2183,,1245,737,1600,.461,189,520,.363,520,759,.685,285,1107,382,160,109,365,598
80,Duke,33,23,10,.697,20.14,10.74,11,7,15,3,5,4,2688,2378,,1330,911,2046,.445,201,593,.339,355,519,.684,419,1204,478,150,113,399,695
,,Overall,Overall,Overall,Overall,Overall,Overall,Conf.,Conf.,Home,Home,Away,Away,Points,Points,,,Opponent Totals,Opponent Totals,Opponent Totals,Opponent Totals,Opponent Totals,Opponent Totals,Opponent Totals,Opponent Totals,Opponent Totals,Opponent Totals,Opponent Totals,Opponent Totals,Opponent Totals,Opponent Totals,Opponent Totals,Opponent Totals
Rk,School,G,W,L,W-L%,SRS,SOS,W,L,W,L,W,L,Tm.,Opp.,,MP,FG,FGA,FG%,3P,3PA,3P%,FT,FTA,FT%,ORB,TRB,AST,STL,BLK,TOV,PF
81,Duquesne,32,16,16,.500,1.77,1.65,6,12,9,6,4,7,2512,2483,,1290,832,2002,.416,306,765,.400,513,736,.697,357,1203,545,197,98,375,591
82,East Carolina,32,12,20,.375,-0.09,3.51,4,14,8,8,3,10,2186,2301,,1305,854,1911,.447,249,752,.331,344,511,.673,370,1161,540,204,116,402,525
83,East Tennessee State,34,23,11,.676,-0.87,-2.27,14,4,13,2,8,8,2644,2500,,1375,851,1963,.434,239,730,.327,559,775,.721,375,1222,391,209,111,450,666
84,Eastern Illinois,30,13,17,.433,-8.12,-3.30,9,7,9,5,4,9,2145,2213,,1220,766,1722,.445,212,634,.334,469,666,.704,364,1161,419,184,77,410,595
85,Eastern Kentucky,31,15,16,.484,-3.26,-3.59,6,10,10,6,5,10,2497,2453,,1240,837,1814,.461,251,668,.376,528,755,.699,367,1101,514,206,82,467,666
86,Eastern Michigan,33,18,15,.545,0.17,1.55,9,9,14,3,4,11,2553,2460,,1330,823,1956,.421,276,790,.349,538,778,.692,441,1262,482,199,108,529,725
87,Eastern Washington,32,17,15,.531,-4.39,-6.33,10,8,10,2,5,11,2620,2460,,1280,894,1837,.487,181,490,.369,491,706,.695,299,1077,459,185,99,381,627
88,Elon,32,16,16,.500,-0.31,1.03,7,11,8,8,8,7,2429,2413,,1285,884,1980,.446,219,606,.361,426,638,.668,356,1218,396,204,128,377,621
89,Evansville,34,25,9,.735,8.09,-0.40,12,6,13,3,8,4,2526,2221,,1370,794,1962,.405,206,635,.324,427,580,.736,314,1101,406,194,120,436,718
90,Fairfield,32,19,13,.594,-2.91,-2.66,12,8,11,4,7,7,2460,2468,,1305,876,2014,.435,242,726,.333,474,689,.688,430,1296,440,191,85,444,617
91,Fairleigh Dickinson,32,18,14,.563,-9.94,-8.26,11,7,9,6,9,8,2493,2504,,1295,834,1844,.452,239,675,.354,597,854,.699,408,1233,460,203,114,492,620
92,Florida A&M,29,8,21,.276,-21.38,-10.30,4,12,6,6,1,14,1863,2128,,1190,746,1691,.441,194,587,.330,442,644,.686,324,1143,339,221,84,434,597
93,Florida Atlantic,33,8,25,.242,-10.11,-1.53,5,13,5,7,2,14,2189,2445,,1325,882,1928,.457,172,484,.355,507,715,.709,373,1280,418,198,142,378,564
94,Florida Gulf Coast,33,20,13,.606,-1.65,-4.37,8,6,16,4,4,8,2540,2325,,1355,823,1986,.414,217,719,.302,462,676,.683,361,1161,386,217,100,406,618
95,Florida International,32,13,19,.406,-5.10,-4.66,7,11,7,9,5,8,2277,2242,,1300,775,1900,.408,237,729,.325,455,665,.684,366,1111,411,190,103,320,566
96,Florida State,32,19,13,.594,12.70,8.39,8,10,10,4,4,7,2499,2361,,1285,823,1864,.442,245,684,.358,470,690,.681,327,1076,413,172,99,434,625
97,Florida,33,19,14,.576,14.98,9.95,9,9,12,4,4,8,2429,2263,,1325,790,1930,.409,210,608,.345,473,703,.673,373,1256,382,178,119,427,682
98,Fordham,30,17,13,.567,2.51,0.38,8,10,14,4,3,7,2140,2059,,1215,703,1569,.448,203,612,.332,450,639,.704,260,973,445,196,86,465,547
99,Fresno State,33,24,9,.727,4.92,1.50,13,5,16,2,6,7,2493,2332,,1340,761,1822,.418,242,730,.332,568,821,.692,342,1200,403,144,101,494,675
100,Furman,33,18,15,.545,-2.38,-4.06,11,7,13,1,3,12,2357,2196,,1320,767,1764,.435,225,651,.346,437,649,.673,306,1034,379,206,92,421,644
,,Overall,Overall,Overall,Overall,Overall,Overall,Conf.,Conf.,Home,Home,Away,Away,Points,Points,,,Opponent Totals,Opponent Totals,Opponent Totals,Opponent Totals,Opponent Totals,Opponent Totals,Opponent Totals,Opponent Totals,Opponent Totals,Opponent Totals,Opponent Totals,Opponent Totals,Opponent Totals,Opponent Totals,Opponent Totals,Opponent Totals
Rk,School,G,W,L,W-L%,SRS,SOS,W,L,W,L,W,L,Tm.,Opp.,,MP,FG,FGA,FG%,3P,3PA,3P%,FT,FTA,FT%,ORB,TRB,AST,STL,BLK,TOV,PF
101,Gardner-Webb,33,17,16,.515,-6.48,-3.51,10,8,9,4,5,11,2476,2451,,1335,840,1887,.445,240,692,.347,531,741,.717,341,1215,431,213,103,462,609
102,George Mason,32,11,21,.344,-1.59,3.82,5,13,7,8,2,11,2140,2313,,1290,827,1957,.423,241,682,.353,418,587,.712,277,1107,406,175,124,221,589
103,George Washington,33,23,10,.697,10.23,3.71,11,7,14,3,7,5,2483,2268,,1330,830,1915,.433,230,674,.341,378,534,.708,312,1067,385,195,118,389,670
104,Georgetown,33,15,18,.455,10.15,8.33,7,11,9,8,4,8,2430,2370,,1335,758,1839,.412,199,571,.349,655,907,.722,343,1142,408,205,90,371,636
105,Georgia Southern,31,14,17,.452,-5.41,-2.89,10,10,10,4,4,12,2353,2307,,1250,770,1763,.437,235,713,.330,532,769,.692,374,1231,379,148,127,463,598
106,Georgia State,30,16,14,.533,-2.63,-2.02,9,11,12,3,4,10,1971,1950,,1220,638,1559,.409,205,639,.321,469,646,.726,307,1047,373,158,92,425,545
107,Georgia Tech,33,19,14,.576,12.22,10.04,8,10,13,5,4,7,2417,2345,,1325,855,1932,.443,191,596,.320,444,621,.715,322,1051,406,154,90,328,602
108,Georgia,31,19,12,.613,10.15,8.60,10,8,14,4,3,8,2163,2115,,1250,686,1805,.380,227,700,.324,516,744,.694,361,1117,344,197,118,337,656
109,Gonzaga,33,26,7,.788,16.27,3.52,15,3,11,4,9,2,2630,2186,,1325,795,1992,.399,198,666,.297,398,565,.704,333,1067,344,185,93,336,655
110,Grambling,31,7,24,.226,-19.30,-8.16,4,14,5,7,2,15,1924,2110,,1250,727,1681,.432,205,623,.329,451,677,.666,327,1116,400,204,111,425,572
111,Grand Canyon,31,25,6,.806,2.18,-5.16,11,3,16,2,7,4,2381,2128,,1245,750,1772,.423,210,650,.323,418,625,.669,307,1061,345,190,113,420,682
112,Green Bay,35,23,12,.657,1.50,-1.20,11,7,11,3,8,9,2948,2788,,1415,981,2198,.446,271,746,.363,555,779,.712,421,1413,495,202,161,589,771
113,Hampton,30,20,10,.667,-8.53,-9.04,13,3,9,2,8,7,2237,2220,,1225,766,1814,.422,199,595,.334,489,674,.726,312,1104,314,176,120,380,651
114,Hartford,33,10,23,.303,-14.06,-5.47,4,12,4,12,6,11,2336,2588,,1345,918,1948,.471,231,672,.344,521,794,.656,415,1389,504,174,109,438,625
115,Harvard,30,14,16,.467,-0.91,-0.19,6,8,8,5,4,10,2001,1985,,1205,699,1720,.406,186,609,.305,401,563,.712,307,1026,364,217,76,346,546
116,Hawaii,31,26,5,.839,8.96,-2.08,13,3,16,3,7,2,2419,2068,,1245,697,1747,.399,194,610,.318,480,679,.707,299,1020,338,187,81,458,705
117,High Point,31,21,10,.677,0.25,-4.39,13,5,12,3,8,6,2407,2170,,1250,772,1722,.448,227,658,.345,399,568,.702,326,1021,356,163,100,458,593
118,Hofstra,33,24,9,.727,5.25,0.81,14,4,11,2,9,4,2601,2427,,1350,921,2116,.435,252,720,.350,333,498,.669,377,1221,475,175,118,389,672
119,Holy Cross,33,14,19,.424,-10.84,-6.51,5,13,8,6,5,13,2156,2299,,1345,803,1756,.457,264,724,.365,429,593,.723,305,1176,476,182,100,434,616
120,Houston Baptist,33,17,16,.515,-10.18,-5.00,10,8,12,3,4,10,2539,2513,,1320,883,2028,.435,235,656,.358,512,705,.726,381,1149,493,226,119,410,730
,,Overall,Overall,Overall,Overall,Overall,Overall,Conf.,Conf.,Home,Home,Away,Away,Points,Points,,,Opponent Totals,Opponent Totals,Opponent Totals,Opponent Totals,Opponent Totals,Opponent Totals,Opponent Totals,Opponent Totals,Opponent Totals,Opponent Totals,Opponent Totals,Opponent Totals,Opponent Totals,Opponent Totals,Opponent Totals,Opponent Totals
Rk,School,G,W,L,W-L%,SRS,SOS,W,L,W,L,W,L,Tm.,Opp.,,MP,FG,FGA,FG%,3P,3PA,3P%,FT,FTA,FT%,ORB,TRB,AST,STL,BLK,TOV,PF
121,Houston,31,22,9,.710,11.16,2.16,12,6,15,3,6,4,2414,2135,,1265,744,1784,.417,187,627,.298,460,654,.703,382,1093,361,160,108,385,586
122,Howard,32,12,20,.375,-14.12,-8.02,6,10,8,7,2,12,2311,2433,,1300,844,1983,.426,242,723,.335,503,739,.681,438,1250,421,180,111,446,712
123,Idaho State,31,16,15,.516,-9.57,-6.43,11,7,10,3,5,10,2297,2357,,1240,832,1859,.448,247,738,.335,446,648,.688,334,1165,441,188,110,398,606
124,Idaho,33,21,12,.636,-4.71,-5.58,12,6,11,4,8,6,2309,2183,,1325,726,1753,.414,260,785,.331,471,699,.674,282,976,402,242,100,423,693
125,Illinois-Chicago,30,5,25,.167,-14.47,-0.76,3,15,5,10,0,13,2019,2348,,1220,803,1878,.428,225,632,.356,515,727,.708,363,1209,489,217,155,351,660
126,Illinois State,32,18,14,.563,3.36,2.55,12,6,13,3,5,8,2149,2114,,1285,734,1744,.421,206,644,.320,440,648,.679,312,1128,391,192,93,436,590
127,Illinois,34,15,19,.441,4.85,7.49,5,13,7,8,2,8,2452,2542,,1395,930,2013,.462,298,773,.386,384,534,.719,320,1262,503,169,124,458,613
128,Incarnate Word,29,17,12,.586,-8.90,-5.90,12,6,10,3,7,9,2145,2140,,1165,769,1680,.458,208,574,.362,394,603,.653,290,1069,419,184,115,390,597
129,Indiana State,32,15,17,.469,0.02,2.18,8,10,10,4,2,11,2170,2222,,1295,745,1792,.416,192,594,.323,540,779,.693,296,1195,351,195,106,402,659
130,Indiana,32,25,7,.781,19.88,6.51,15,3,17,0,6,4,2633,2205,,1285,821,1859,.442,200,583,.343,363,545,.666,327,965,386,195,97,418,603
131,Iona,32,22,10,.688,4.03,-1.91,16,4,11,2,8,6,2547,2357,,1285,812,1929,.421,247,696,.355,486,699,.695,383,1199,434,184,92,450,589
132,Iowa State,32,21,11,.656,17.63,10.75,10,8,14,2,4,7,2619,2399,,1295,903,2075,.435,249,740,.336,344,502,.685,382,1159,452,179,91,396,506
133,Iowa,31,21,10,.677,18.11,8.72,12,6,13,2,6,5,2421,2130,,1245,788,1901,.415,228,735,.310,326,479,.681,375,1148,419,165,92,406,606
134,IPFW,33,24,9,.727,0.70,-1.79,12,4,12,1,10,6,2646,2506,,1330,909,1986,.458,271,703,.385,417,606,.688,304,1126,424,191,96,372,649
135,IUPUI,32,13,19,.406,-5.61,0.36,9,7,9,2,4,15,2181,2362,,1290,843,1836,.459,186,552,.337,490,697,.703,309,1147,383,239,142,404,566
136,Jackson State,33,19,14,.576,-8.59,-9.78,12,6,11,2,6,12,2267,2157,,1340,688,1760,.391,191,623,.307,590,851,.693,336,1227,346,197,127,478,601
137,Jacksonville State,31,8,23,.258,-10.00,-3.69,4,12,5,10,2,12,2100,2234,,1245,783,1685,.465,179,543,.330,489,706,.693,337,1163,381,139,86,387,571
138,Jacksonville,32,16,16,.500,-9.20,-5.95,8,6,12,3,4,11,2444,2431,,1290,862,1931,.446,288,812,.355,419,633,.662,305,1200,456,157,101,413,596
139,James Madison,32,21,11,.656,6.53,0.85,11,7,12,6,9,3,2405,2197,,1305,742,1874,.396,231,795,.291,482,684,.705,332,1135,386,181,75,344,623
140,Kansas State,33,17,16,.515,12.87,10.36,5,13,12,5,2,9,2334,2251,,1345,776,1789,.434,201,649,.310,498,723,.689,344,1089,448,226,134,471,705
,,Overall,Overall,Overall,Overall,Overall,Overall,Conf.,Conf.,Home,Home,Away,Away,Points,Points,,,Opponent Totals,Opponent Totals,Opponent Totals,Opponent Totals,Opponent Totals,Opponent Totals,Opponent Totals,Opponent Totals,Opponent Totals,Opponent Totals,Opponent Totals,Opponent Totals,Opponent Totals,Opponent Totals,Opponent Totals,Opponent Totals
Rk,School,G,W,L,W-L%,SRS,SOS,W,L,W,L,W,L,Tm.,Opp.,,MP,FG,FGA,FG%,3P,3PA,3P%,FT,FTA,FT%,ORB,TRB,AST,STL,BLK,TOV,PF
141,Kansas,33,29,4,.879,24.21,11.43,15,3,16,0,7,3,2692,2232,,1340,758,1913,.396,208,631,.330,508,705,.721,356,1085,365,201,112,434,674
142,Kennesaw State,31,11,20,.355,-8.38,-1.42,7,7,8,6,3,14,2239,2399,,1245,857,1833,.468,216,643,.336,469,684,.686,378,1169,415,209,102,398,589
143,Kent State,32,19,13,.594,-1.28,-1.22,10,8,13,3,6,8,2361,2317,,1290,810,1826,.444,230,641,.359,467,631,.740,308,1074,436,172,91,375,659
144,Kentucky,32,24,8,.750,20.38,8.82,13,5,17,0,4,7,2534,2164,,1290,726,1831,.397,178,540,.330,534,764,.699,377,1063,292,136,95,385,630
145,La Salle,31,9,22,.290,-5.92,4.82,4,14,7,9,1,12,1987,2279,,1240,802,1749,.459,234,626,.374,441,608,.725,353,1173,466,180,121,403,506
146,Lafayette,30,6,24,.200,-14.76,-5.76,3,15,4,9,2,15,2142,2412,,1235,853,1838,.464,239,669,.357,467,645,.724,350,1192,450,188,109,358,561
147,Lamar,30,11,19,.367,-14.49,-8.57,3,15,7,9,4,10,2263,2310,,1200,773,1736,.445,204,601,.339,560,799,.701,345,1125,468,201,101,441,642
148,Lehigh,32,17,15,.531,-4.19,-4.96,13,5,10,5,7,9,2268,2210,,1280,795,1825,.436,254,705,.360,366,513,.713,321,1056,475,191,115,399,553
149,Liberty,32,13,19,.406,-10.01,-3.32,10,8,8,6,5,9,2070,2188,,1280,747,1637,.456,215,603,.357,479,693,.691,282,1042,399,219,67,388,528
150,Lipscomb,33,12,21,.364,-8.72,-3.69,7,7,6,9,5,9,2590,2689,,1340,922,2057,.448,305,825,.370,540,735,.735,374,1273,527,222,125,441,653
151,Long Beach State,33,20,13,.606,4.26,4.48,12,4,11,2,6,9,2451,2397,,1335,833,1898,.439,248,710,.349,483,717,.674,359,1259,465,177,123,463,679
152,Long Island University,31,16,15,.516,-11.41,-10.64,9,9,8,6,8,9,2362,2386,,1255,837,1857,.451,217,587,.370,495,706,.701,355,1167,461,181,105,451,685
153,Longwood,33,10,23,.303,-11.05,-4.78,5,13,5,8,4,12,2397,2503,,1330,853,1913,.446,306,821,.373,491,674,.728,322,1124,487,238,93,407,623
154,Louisiana-Lafayette,30,17,13,.567,2.23,-2.13,12,8,12,2,4,11,2399,2193,,1210,771,1778,.434,183,513,.357,468,659,.710,290,998,328,169,110,365,684
155,Louisiana-Monroe,31,19,12,.613,0.13,-1.63,15,5,13,0,6,10,2282,2161,,1270,749,1827,.410,233,696,.335,430,604,.712,342,1059,357,160,91,357,546
156,Louisiana State,32,19,13,.594,9.97,7.09,11,7,15,3,3,8,2564,2472,,1290,889,1959,.454,252,722,.349,442,659,.671,355,1181,438,194,103,440,673
157,Louisiana Tech,32,23,9,.719,0.30,-4.33,12,6,16,1,7,7,2541,2307,,1305,833,1948,.428,199,641,.310,442,650,.680,354,1204,427,184,98,460,661
158,Louisville,31,23,8,.742,21.87,8.03,12,6,18,1,4,7,2324,1895,,1240,631,1616,.390,183,570,.321,450,654,.688,317,981,325,169,90,442,555
159,Loyola (IL),32,15,17,.469,-0.76,1.05,7,11,9,7,4,7,2059,2082,,1295,726,1676,.433,198,568,.349,432,597,.724,317,1126,403,188,122,473,587
160,Loyola Marymount,31,14,17,.452,-3.43,1.08,6,12,8,6,5,10,2208,2319,,1265,775,1686,.460,250,667,.375,519,717,.724,324,1156,499,169,108,437,572
,,Overall,Overall,Overall,Overall,Overall,Overall,Conf.,Conf.,Home,Home,Away,Away,Points,Points,,,Opponent Totals,Opponent Totals,Opponent Totals,Opponent Totals,Opponent Totals,Opponent Totals,Opponent Totals,Opponent Totals,Opponent Totals,Opponent Totals,Opponent Totals,Opponent Totals,Opponent Totals,Opponent Totals,Opponent Totals,Opponent Totals
Rk,School,G,W,L,W-L%,SRS,SOS,W,L,W,L,W,L,Tm.,Opp.,,MP,FG,FGA,FG%,3P,3PA,3P%,FT,FTA,FT%,ORB,TRB,AST,STL,BLK,TOV,PF
161,Loyola (MD),30,9,21,.300,-10.52,-4.86,8,10,5,9,4,12,2090,2260,,1230,784,1707,.459,208,559,.372,484,698,.693,318,1048,420,181,130,352,566
162,Maine,30,8,22,.267,-17.17,-6.27,4,12,5,8,3,14,2279,2606,,1215,934,1880,.497,219,593,.369,519,714,.727,342,1212,535,252,142,494,590
163,Manhattan,31,13,18,.419,-7.04,-2.69,9,11,8,6,4,11,2133,2268,,1255,769,1643,.468,176,523,.337,554,769,.720,324,1113,464,202,104,490,628
164,Marist,30,7,23,.233,-11.26,-4.10,4,16,4,10,2,12,2145,2360,,1220,833,1776,.469,238,623,.382,456,650,.702,336,1150,448,192,88,355,581
165,Marquette,33,20,13,.606,7.60,5.51,8,10,12,7,5,5,2517,2448,,1340,886,2073,.427,246,718,.343,430,580,.741,385,1181,534,231,108,460,674
166,Marshall,33,17,16,.515,1.04,-0.08,12,6,10,4,5,9,2838,2801,,1330,1009,2160,.467,241,644,.374,542,776,.698,397,1339,454,217,85,437,606
167,Maryland-Baltimore County,32,7,25,.219,-15.15,-6.65,3,13,4,9,3,15,2307,2579,,1290,904,1821,.496,254,668,.380,517,707,.731,300,1141,487,206,98,441,646
168,Maryland-Eastern Shore,32,10,22,.313,-13.90,-5.84,7,9,7,4,3,17,2178,2399,,1295,790,1713,.461,233,661,.352,586,837,.700,306,1042,436,213,109,420,571
169,Maryland,32,25,7,.781,17.32,7.81,12,6,16,1,4,6,2449,2123,,1285,777,1904,.408,215,674,.319,354,511,.693,353,1041,359,207,89,363,588
170,Massachusetts-Lowell,29,11,18,.379,-13.42,-5.99,7,9,6,6,5,12,2221,2401,,1170,850,1776,.479,230,625,.368,471,664,.709,338,1084,408,240,85,417,553
171,Massachusetts,32,14,18,.438,0.79,3.10,6,12,9,7,3,9,2353,2427,,1300,823,1928,.427,215,687,.313,566,776,.729,365,1242,469,184,110,398,607
172,McNeese State,29,9,20,.310,-14.92,-6.42,7,11,7,6,2,13,2083,2301,,1185,822,1785,.461,206,551,.374,451,662,.681,357,1163,452,183,94,336,521
173,Memphis,32,18,14,.563,10.19,3.72,8,10,14,6,2,8,2471,2264,,1290,785,1959,.401,190,620,.306,504,750,.672,383,1233,408,221,157,451,678
174,Mercer,33,19,14,.576,-2.44,-4.18,8,10,10,3,3,10,2389,2274,,1350,764,1892,.404,300,842,.356,446,622,.717,322,1034,446,217,137,357,614
175,Miami (FL),32,25,7,.781,19.42,10.61,13,5,15,1,6,5,2420,2138,,1285,790,1839,.430,184,548,.336,374,529,.707,330,1038,365,163,85,371,606
176,Miami (OH),33,13,20,.394,-5.62,0.04,6,12,10,8,3,11,2089,2249,,1320,748,1724,.434,261,730,.358,492,656,.750,330,1159,422,175,101,457,633
177,Michigan State,32,27,5,.844,23.92,6.73,13,5,14,2,7,3,2582,2032,,1290,702,1857,.378,182,602,.302,446,627,.711,302,965,342,169,105,312,565
178,Michigan,33,22,11,.667,14.71,7.74,10,8,13,4,4,6,2467,2218,,1325,815,1841,.443,236,683,.346,352,486,.724,288,1080,431,133,96,393,544
179,Middle Tennessee,32,23,9,.719,2.20,-1.97,13,5,11,3,8,6,2344,2201,,1285,747,1743,.429,212,611,.347,495,741,.668,283,1104,381,186,85,431,606
180,Milwaukee,33,20,13,.606,2.99,-1.91,10,8,9,4,7,6,2618,2391,,1345,882,1966,.449,239,628,.381,388,558,.695,292,1117,429,169,99,360,670
,,Overall,Overall,Overall,Overall,Overall,Overall,Conf.,Conf.,Home,Home,Away,Away,Points,Points,,,Opponent Totals,Opponent Totals,Opponent Totals,Opponent Totals,Opponent Totals,Opponent Totals,Opponent Totals,Opponent Totals,Opponent Totals,Opponent Totals,Opponent Totals,Opponent Totals,Opponent Totals,Opponent Totals,Opponent Totals,Opponent Totals
Rk,School,G,W,L,W-L%,SRS,SOS,W,L,W,L,W,L,Tm.,Opp.,,MP,FG,FGA,FG%,3P,3PA,3P%,FT,FTA,FT%,ORB,TRB,AST,STL,BLK,TOV,PF
181,Minnesota,31,8,23,.258,1.32,7.32,2,16,7,10,0,9,2108,2294,,1255,807,1789,.451,235,615,.382,445,611,.728,312,1168,471,172,119,382,607
182,Mississippi State,31,14,17,.452,8.66,6.50,7,11,10,5,2,9,2323,2256,,1245,791,1837,.431,214,623,.343,460,666,.691,377,1145,387,196,110,401,522
183,Mississippi Valley State,35,8,27,.229,-19.59,-7.85,6,12,3,6,3,19,2293,2704,,1425,973,2152,.452,250,825,.303,508,757,.671,458,1480,506,229,148,490,622
184,Mississippi,32,20,12,.625,8.34,5.25,10,8,12,2,7,7,2405,2306,,1290,779,1821,.428,249,702,.355,499,740,.674,363,1166,459,211,136,453,676
185,Missouri-Kansas City,31,12,19,.387,-6.00,-1.93,4,10,9,4,2,13,2152,2240,,1245,734,1703,.431,223,649,.344,549,747,.735,332,1066,426,178,116,378,616
186,Missouri State,32,13,19,.406,-3.53,2.57,8,10,8,7,4,8,2153,2321,,1290,818,1841,.444,240,656,.366,445,637,.699,311,1158,469,209,83,393,625
187,Missouri,31,10,21,.323,2.98,7.36,3,15,10,7,0,11,2126,2262,,1240,759,1791,.424,236,702,.336,508,730,.696,345,1152,428,180,133,349,594
188,Monmouth,34,27,7,.794,5.96,-1.77,17,3,10,1,13,4,2700,2437,,1370,815,2089,.390,271,873,.310,536,770,.696,432,1333,409,201,140,514,685
189,Montana State,31,14,17,.452,-6.81,-5.24,9,9,8,3,4,12,2369,2411,,1245,820,1732,.473,231,629,.367,540,791,.683,289,1087,405,178,119,364,607
190,Montana,31,21,10,.677,-0.43,-4.50,14,4,12,2,7,8,2259,2084,,1250,696,1632,.426,189,597,.317,503,713,.705,255,983,307,194,95,396,633
191,Morehead State,31,19,12,.613,0.70,-2.20,11,5,12,2,6,9,2243,2084,,1250,666,1537,.433,192,542,.354,560,779,.719,284,983,335,165,130,454,635
192,Morgan State,31,9,22,.290,-12.18,-7.58,6,10,6,6,2,15,2089,2223,,1250,800,1756,.456,177,562,.315,446,658,.678,363,1205,430,175,135,452,604
193,Mount St. Mary's,33,14,19,.424,-9.54,-7.60,10,8,9,3,5,15,2218,2282,,1335,801,1766,.454,172,510,.337,508,713,.712,358,1299,362,198,101,569,590
194,Murray State,31,17,14,.548,-1.42,-2.90,10,6,10,4,4,8,2212,2093,,1245,719,1580,.455,191,528,.362,464,647,.717,255,969,366,172,70,409,591
195,Navy,33,19,14,.576,-4.71,-6.78,9,9,6,9,11,4,2230,2135,,1340,707,1713,.413,252,711,.354,469,666,.704,302,1031,412,195,97,438,661
196,Nebraska-Omaha,31,18,13,.581,0.33,-1.81,10,6,9,4,7,8,2617,2499,,1255,872,1914,.456,238,677,.352,517,685,.755,345,1136,429,194,118,470,668
197,Nebraska,34,16,18,.471,9.21,5.94,6,12,10,8,3,8,2456,2345,,1370,799,1822,.439,227,619,.367,520,723,.719,321,1130,428,179,127,446,619
198,Nevada-Las Vegas,33,18,15,.545,5.46,3.14,8,10,13,3,2,10,2581,2427,,1350,831,2004,.415,213,647,.329,552,792,.697,383,1281,390,212,114,500,717
199,Nevada,32,19,13,.594,2.13,2.26,10,8,11,3,5,9,2383,2287,,1305,761,1940,.392,219,692,.316,546,804,.679,390,1250,422,189,101,428,649
200,New Hampshire,31,19,12,.613,-8.23,-7.12,11,5,11,3,8,9,2203,2164,,1250,765,1771,.432,224,651,.344,410,582,.704,239,1045,316,162,109,330,607
,,Overall,Overall,Overall,Overall,Overall,Overall,Conf.,Conf.,Home,Home,Away,Away,Points,Points,,,Opponent Totals,Opponent Totals,Opponent Totals,Opponent Totals,Opponent Totals,Opponent Totals,Opponent Totals,Opponent Totals,Opponent Totals,Opponent Totals,Opponent Totals,Opponent Totals,Opponent Totals,Opponent Totals,Opponent Totals,Opponent Totals
Rk,School,G,W,L,W-L%,SRS,SOS,W,L,W,L,W,L,Tm.,Opp.,,MP,FG,FGA,FG%,3P,3PA,3P%,FT,FTA,FT%,ORB,TRB,AST,STL,BLK,TOV,PF
201,New Mexico State,32,23,9,.719,3.71,-4.05,13,1,15,2,7,7,2314,2030,,1300,733,1888,.388,204,604,.338,360,532,.677,312,1000,343,171,63,354,653
202,New Mexico,32,17,15,.531,5.18,2.55,10,8,12,4,5,7,2432,2348,,1285,807,1919,.421,247,761,.325,487,711,.685,345,1053,452,249,130,393,679
203,New Orleans,30,10,20,.333,-13.94,-7.90,6,12,7,5,3,14,2249,2325,,1205,785,1725,.455,227,633,.359,528,736,.717,346,1113,444,243,140,493,673
204,Niagara,32,7,25,.219,-10.89,-3.49,5,15,5,8,1,14,2067,2304,,1300,788,1854,.425,240,673,.357,488,658,.742,356,1144,460,195,134,369,572
205,Nicholls State,34,11,23,.324,-16.40,-4.95,6,12,8,4,1,17,2298,2598,,1375,909,2031,.448,222,642,.346,558,796,.701,421,1345,479,277,125,471,714
206,NJIT,31,17,14,.548,-4.91,-4.91,8,6,9,6,8,8,2339,2310,,1250,804,1819,.442,266,753,.353,436,662,.659,349,1127,470,186,118,424,592
207,Norfolk State,33,17,16,.515,-6.56,-6.75,12,4,9,2,7,9,2440,2408,,1330,792,1880,.421,255,692,.368,569,791,.719,398,1168,459,137,119,439,661
208,North Carolina-Asheville,33,22,11,.667,1.68,-3.77,12,6,11,3,6,7,2496,2227,,1330,802,1897,.423,192,677,.284,431,616,.700,353,1172,354,222,79,517,659
209,North Carolina A&T,32,10,22,.313,-16.45,-8.16,7,9,8,6,2,13,2169,2433,,1305,796,1791,.444,254,749,.339,587,867,.677,356,1188,473,189,101,400,621
210,North Carolina Central,32,13,19,.406,-12.57,-9.61,7,9,8,5,3,12,2220,2235,,1285,770,1787,.431,226,660,.342,469,673,.697,356,1117,420,175,123,423,606
211,North Carolina-Greensboro,32,14,18,.438,-5.64,-2.71,10,8,11,4,3,13,2333,2357,,1290,788,1789,.440,268,721,.372,513,690,.743,298,1110,436,160,94,385,586
212,North Carolina State,33,16,17,.485,10.18,9.39,5,13,11,7,3,8,2482,2456,,1330,883,2016,.438,275,735,.374,415,598,.694,371,1173,469,205,136,338,680
213,North Carolina-Wilmington,32,25,7,.781,6.44,0.07,14,4,12,2,8,5,2535,2286,,1295,729,1748,.417,171,507,.337,657,933,.704,362,1170,333,159,100,483,645
214,North Carolina,33,27,6,.818,23.04,10.07,14,4,15,1,6,5,2736,2308,,1320,815,1982,.411,254,704,.361,422,605,.698,374,1078,373,192,102,436,607
215,North Dakota State,33,20,13,.606,-0.62,-2.68,8,8,12,1,4,11,2271,2129,,1325,772,1830,.422,185,573,.323,400,568,.704,295,1114,375,177,93,378,589
216,North Dakota,32,17,15,.531,-3.73,-5.11,10,8,10,4,4,9,2388,2277,,1295,802,1844,.435,246,718,.343,427,684,.624,301,1153,432,203,92,470,654
217,North Florida,33,22,11,.667,-0.88,-4.45,10,4,14,2,7,9,2797,2607,,1320,1014,2193,.462,189,577,.328,390,581,.671,435,1277,477,199,82,358,599
218,North Texas,32,12,20,.375,-9.68,-3.08,7,11,11,7,1,12,2386,2505,,1285,864,1878,.460,232,645,.360,545,784,.695,347,1179,428,226,118,400,689
219,Northeastern,33,18,15,.545,1.97,1.72,9,9,7,7,8,7,2376,2339,,1365,883,1935,.456,221,655,.337,352,540,.652,335,1161,485,188,109,395,634
220,Northern Arizona,30,5,25,.167,-18.10,-2.63,3,15,4,9,1,15,2054,2438,,1225,864,1812,.477,268,692,.387,442,609,.726,304,1186,457,186,102,377,549
,,Overall,Overall,Overall,Overall,Overall,Overall,Conf.,Conf.,Home,Home,Away,Away,Points,Points,,,Opponent Totals,Opponent Totals,Opponent Totals,Opponent Totals,Opponent Totals,Opponent Totals,Opponent Totals,Opponent Totals,Opponent Totals,Opponent Totals,Opponent Totals,Opponent Totals,Opponent Totals,Opponent Totals,Opponent Totals,Opponent Totals
Rk,School,G,W,L,W-L%,SRS,SOS,W,L,W,L,W,L,Tm.,Opp.,,MP,FG,FGA,FG%,3P,3PA,3P%,FT,FTA,FT%,ORB,TRB,AST,STL,BLK,TOV,PF
221,Northern Colorado,31,10,21,.323,-11.99,-3.78,7,11,7,9,3,10,2292,2482,,1240,811,1714,.473,264,682,.387,596,803,.742,313,1072,449,178,97,381,632
222,Northern Illinois,33,21,12,.636,-0.06,-1.06,9,9,18,1,3,10,2400,2215,,1330,733,1825,.402,259,753,.344,490,726,.675,329,1148,421,192,116,471,696
223,Northern Iowa,34,22,12,.647,8.26,3.63,11,7,11,3,6,8,2312,2139,,1365,794,1884,.421,239,740,.323,312,431,.724,306,1156,416,164,91,397,620
224,Northern Kentucky,30,9,21,.300,-6.72,-0.54,5,13,7,7,2,13,2116,2233,,1210,754,1721,.438,202,559,.361,523,711,.736,311,1071,397,201,112,347,529
225,Northwestern State,28,8,20,.286,-15.47,-5.39,5,13,6,7,2,13,2224,2413,,1120,870,1798,.484,203,581,.349,470,662,.710,393,1103,475,236,91,388,565
226,Northwestern,32,20,12,.625,10.56,4.53,8,10,14,4,5,6,2304,2111,,1305,716,1784,.401,227,658,.345,452,625,.723,325,1103,448,157,97,345,544
227,Notre Dame,32,21,11,.656,14.32,9.19,11,7,14,2,5,5,2423,2259,,1285,821,1918,.428,246,655,.376,371,515,.720,366,1091,428,167,99,310,554
228,Oakland,32,21,11,.656,5.74,-1.67,13,5,8,4,11,5,2762,2525,,1285,898,2068,.434,257,732,.351,472,668,.707,370,1167,493,170,101,392,668
229,Ohio State,33,20,13,.606,9.85,7.43,11,7,14,5,4,6,2324,2244,,1335,787,1942,.405,242,709,.341,428,596,.718,359,1176,403,162,72,395,633
230,Ohio,32,21,11,.656,2.35,-0.91,11,7,14,2,5,6,2508,2383,,1285,833,1907,.437,236,648,.364,481,663,.725,302,1082,380,188,87,330,627
231,Oklahoma State,32,12,20,.375,8.81,9.43,3,15,8,8,1,9,2128,2148,,1295,725,1769,.410,216,631,.342,482,723,.667,383,1151,359,205,94,368,617
232,Oklahoma,32,25,7,.781,20.99,11.02,12,6,14,1,7,5,2573,2254,,1295,819,2023,.405,241,709,.340,375,553,.678,383,1163,342,227,105,406,611
233,Old Dominion,34,22,12,.647,4.25,-2.66,12,6,11,4,7,6,2344,2109,,1370,719,1805,.398,199,644,.309,472,660,.715,330,1109,359,145,113,367,619
234,Oral Roberts,31,14,17,.452,-2.36,0.92,6,10,8,4,4,12,2356,2384,,1245,861,1909,.451,227,619,.367,435,595,.731,324,1092,386,184,82,352,594
235,Oregon State,31,19,12,.613,11.02,9.59,9,9,12,3,4,7,2234,2169,,1240,739,1732,.427,222,675,.329,469,678,.692,355,1140,432,157,117,418,581
236,Oregon,33,27,6,.818,17.29,8.82,14,4,18,0,5,5,2592,2293,,1325,817,1926,.424,236,654,.361,423,608,.696,368,1096,435,154,104,468,686
237,Pacific,28,8,20,.286,-3.43,2.49,6,12,6,8,2,11,1948,2009,,1140,650,1528,.425,201,561,.358,508,727,.699,279,969,354,169,93,337,563
238,Penn State,32,16,16,.500,3.64,7.42,7,11,11,4,3,8,2107,2228,,1290,739,1744,.424,225,615,.366,525,741,.709,324,1152,382,183,104,375,586
239,Pennsylvania,28,11,17,.393,-6.24,-2.21,5,9,9,6,2,11,1911,2013,,1130,732,1653,.443,181,520,.348,368,550,.669,308,1030,347,175,102,323,512
240,Pepperdine,31,18,13,.581,2.92,2.02,10,8,10,3,6,7,2277,2208,,1260,810,1850,.438,195,628,.311,393,589,.667,333,1105,409,170,85,346,631
,,Overall,Overall,Overall,Overall,Overall,Overall,Conf.,Conf.,Home,Home,Away,Away,Points,Points,,,Opponent Totals,Opponent Totals,Opponent Totals,Opponent Totals,Opponent Totals,Opponent Totals,Opponent Totals,Opponent Totals,Opponent Totals,Opponent Totals,Opponent Totals,Opponent Totals,Opponent Totals,Opponent Totals,Opponent Totals,Opponent Totals
Rk,School,G,W,L,W-L%,SRS,SOS,W,L,W,L,W,L,Tm.,Opp.,,MP,FG,FGA,FG%,3P,3PA,3P%,FT,FTA,FT%,ORB,TRB,AST,STL,BLK,TOV,PF
241,Pittsburgh,32,21,11,.656,15.78,8.72,9,9,15,4,3,6,2433,2173,,1290,781,1791,.436,218,612,.356,393,593,.663,303,985,431,180,108,373,586
242,Portland State,31,13,18,.419,-7.94,-5.74,8,10,8,6,4,11,2408,2409,,1240,875,1878,.466,233,617,.378,426,607,.702,336,1130,448,211,74,439,601
243,Portland,32,12,20,.375,-2.07,0.71,6,12,8,7,3,9,2483,2552,,1285,871,1928,.452,264,693,.381,546,784,.696,394,1230,449,181,118,431,625
244,Prairie View,31,7,24,.226,-17.11,-6.50,7,11,4,6,3,16,1873,2202,,1240,748,1637,.457,164,536,.306,542,776,.698,366,1167,415,221,140,498,591
245,Presbyterian,31,11,20,.355,-12.97,-4.58,5,13,7,8,3,11,2093,2259,,1245,781,1751,.446,243,726,.335,454,665,.683,325,1116,414,217,129,422,566
246,Princeton,28,22,6,.786,7.35,-2.06,12,2,13,0,9,5,2213,1903,,1130,709,1628,.436,165,469,.352,320,482,.664,259,940,325,160,111,362,516
247,Providence,33,23,10,.697,11.93,7.68,10,8,13,4,7,4,2441,2301,,1335,850,1956,.435,211,658,.321,390,544,.717,356,1216,435,196,110,481,666
248,Purdue,32,25,7,.781,20.79,7.23,12,6,17,1,5,5,2505,2071,,1285,746,1908,.391,196,624,.314,383,542,.707,284,962,379,197,94,298,656
249,Quinnipiac,30,9,21,.300,-9.93,-4.53,6,14,6,8,3,11,1969,2131,,1215,729,1755,.415,174,562,.310,499,704,.709,333,1127,392,234,120,369,557
250,Radford,31,16,15,.516,-4.77,-3.04,9,9,8,6,7,7,2266,2248,,1270,818,1819,.450,182,550,.331,430,610,.705,334,1077,367,230,98,366,527
251,Rhode Island,32,17,15,.531,8.14,3.51,9,9,13,4,3,9,2220,2072,,1295,713,1672,.426,165,495,.333,481,662,.727,280,1038,306,187,111,397,594
252,Rice,32,12,20,.375,-8.59,-2.49,7,11,9,8,3,11,2427,2576,,1285,915,1901,.481,277,670,.413,469,669,.701,346,1145,491,227,96,426,662
253,Richmond,32,16,16,.500,7.56,4.85,7,11,9,7,5,7,2450,2363,,1295,837,1858,.450,217,602,.360,472,670,.704,357,1188,425,151,87,402,611
254,Rider,33,13,20,.394,-4.57,-3.17,8,12,7,6,4,12,2177,2223,,1340,767,1862,.412,245,721,.340,444,603,.736,350,1173,418,223,90,400,610
255,Robert Morris,32,10,22,.313,-13.23,-7.45,8,10,4,8,5,14,2082,2267,,1285,800,1843,.434,222,662,.335,445,607,.733,392,1253,500,200,117,489,553
256,Rutgers,32,7,25,.219,-6.66,6.83,1,17,7,11,0,11,2166,2571,,1295,940,2074,.453,265,711,.373,426,625,.682,441,1334,512,230,131,374,573
257,Sacramento State,31,14,17,.452,-8.40,-5.09,6,12,10,5,3,11,2210,2237,,1245,789,1839,.429,216,684,.316,443,663,.668,366,1182,443,195,99,375,577
258,Sacred Heart,30,12,18,.400,-12.64,-8.68,11,7,6,5,5,13,2217,2336,,1210,811,1805,.449,222,618,.359,492,711,.692,359,1114,436,195,121,394,616
259,Saint Francis (PA),30,13,17,.433,-12.21,-8.69,9,9,8,6,5,11,2110,2181,,1210,796,1776,.448,204,642,.318,385,534,.721,329,1062,406,173,119,345,602
260,Saint Joseph's,32,25,7,.781,11.44,3.79,13,5,12,4,10,2,2469,2224,,1285,817,1976,.413,257,822,.313,333,483,.689,318,1143,407,142,79,367,630
,,Overall,Overall,Overall,Overall,Overall,Overall,Conf.,Conf.,Home,Home,Away,Away,Points,Points,,,Opponent Totals,Opponent Totals,Opponent Totals,Opponent Totals,Opponent Totals,Opponent Totals,Opponent Totals,Opponent Totals,Opponent Totals,Opponent Totals,Opponent Totals,Opponent Totals,Opponent Totals,Opponent Totals,Opponent Totals,Opponent Totals
Rk,School,G,W,L,W-L%,SRS,SOS,W,L,W,L,W,L,Tm.,Opp.,,MP,FG,FGA,FG%,3P,3PA,3P%,FT,FTA,FT%,ORB,TRB,AST,STL,BLK,TOV,PF
261,Saint Louis,32,11,21,.344,-2.58,3.64,5,13,7,11,3,8,2106,2305,,1290,780,1800,.433,240,731,.328,505,708,.713,316,1196,447,191,138,414,641
262,Saint Mary's (CA),32,27,5,.844,14.40,0.79,15,3,18,1,7,3,2397,1951,,1280,733,1784,.411,189,568,.333,296,444,.667,296,936,345,140,75,311,560
263,Saint Peter's,30,14,16,.467,-4.60,-3.90,12,8,9,5,5,10,1966,1987,,1210,693,1682,.412,221,649,.341,380,533,.713,278,1012,347,192,107,356,584
264,Sam Houston State,33,18,15,.545,-5.53,-6.12,12,6,10,4,6,9,2474,2346,,1325,768,1747,.440,241,685,.352,569,795,.716,254,1125,488,175,101,442,700
265,Samford,33,14,19,.424,-5.48,-4.03,4,14,6,7,5,11,2440,2442,,1345,820,1848,.444,247,682,.362,555,795,.698,369,1157,458,225,149,483,680
266,San Diego State,33,25,8,.758,11.62,3.85,16,2,13,4,9,2,2252,1981,,1330,685,1848,.371,198,667,.297,413,574,.720,335,1095,337,194,113,406,670
267,San Diego,30,9,21,.300,-7.61,1.59,4,14,6,7,1,11,1822,2074,,1200,714,1605,.445,177,490,.361,469,664,.706,281,1081,377,179,102,355,570
268,San Francisco,30,15,15,.500,-2.72,-0.48,8,10,10,7,5,7,2329,2362,,1220,811,1843,.440,280,725,.386,460,644,.714,336,1096,426,151,139,343,631
269,San Jose State,31,9,22,.290,-5.80,1.34,4,14,7,7,1,13,2186,2290,,1245,761,1767,.431,211,600,.352,557,811,.687,317,1133,402,194,88,387,642
270,Santa Clara,31,11,20,.355,-4.53,2.00,7,11,7,8,3,9,2083,2272,,1265,781,1774,.440,243,703,.346,467,645,.724,324,1144,441,152,100,350,582
271,Savannah State,31,16,15,.516,-15.13,-8.65,9,7,12,2,2,12,1933,2092,,1245,708,1636,.433,196,565,.347,480,662,.725,304,1113,357,213,115,479,630
272,Seattle,30,14,16,.467,-9.24,-4.81,7,7,9,7,3,8,1952,2004,,1205,693,1698,.408,247,732,.337,371,559,.664,334,1024,421,251,115,391,565
273,Seton Hall,32,24,8,.750,14.56,7.34,12,6,13,3,7,4,2401,2170,,1285,766,1914,.400,198,629,.315,440,649,.678,387,1148,392,233,132,437,682
274,Siena,33,21,12,.636,2.32,-2.87,13,7,12,2,7,9,2579,2408,,1345,821,1981,.414,223,695,.321,543,760,.714,376,1062,380,238,122,407,680
275,South Alabama,33,14,19,.424,-7.98,-1.82,8,12,8,6,4,11,2284,2426,,1345,834,1975,.422,231,724,.319,527,747,.705,401,1262,454,191,112,432,651
276,South Carolina State,32,19,13,.594,-9.47,-8.14,12,4,10,1,6,11,2342,2326,,1280,799,1811,.441,236,673,.351,492,675,.729,340,1113,402,141,90,392,618
277,South Carolina Upstate,32,10,22,.313,-13.66,-4.27,4,10,7,10,3,12,2315,2495,,1290,889,1935,.459,270,739,.365,447,643,.695,382,1171,528,220,92,369,526
278,South Carolina,32,24,8,.750,12.69,6.27,11,7,15,2,5,5,2429,2208,,1290,728,1845,.395,264,755,.350,488,718,.680,358,1102,403,207,153,483,733
279,South Dakota State,33,26,7,.788,5.53,-1.51,12,4,13,0,8,7,2517,2237,,1320,766,1843,.416,198,599,.331,507,709,.715,307,1073,366,187,118,398,691
280,South Dakota,32,14,18,.438,-5.30,-0.60,5,11,6,6,5,10,2443,2537,,1305,852,1875,.454,279,718,.389,554,752,.737,334,1179,477,167,140,447,587
,,Overall,Overall,Overall,Overall,Overall,Overall,Conf.,Conf.,Home,Home,Away,Away,Points,Points,,,Opponent Totals,Opponent Totals,Opponent Totals,Opponent Totals,Opponent Totals,Opponent Totals,Opponent Totals,Opponent Totals,Opponent Totals,Opponent Totals,Opponent Totals,Opponent Totals,Opponent Totals,Opponent Totals,Opponent Totals,Opponent Totals
Rk,School,G,W,L,W-L%,SRS,SOS,W,L,W,L,W,L,Tm.,Opp.,,MP,FG,FGA,FG%,3P,3PA,3P%,FT,FTA,FT%,ORB,TRB,AST,STL,BLK,TOV,PF
281,South Florida,33,8,25,.242,-2.61,5.48,4,14,4,14,3,9,2085,2352,,1320,817,1978,.413,235,736,.319,483,704,.686,413,1192,495,255,106,314,560
282,Southeast Missouri State,29,5,24,.172,-15.86,-3.23,2,14,3,10,2,14,1944,2252,,1165,824,1734,.475,233,665,.350,371,528,.703,294,1105,516,190,113,395,528
283,Southeastern Louisiana,33,12,21,.364,-13.33,-7.27,9,9,9,3,2,15,2344,2489,,1325,847,1893,.447,268,717,.374,527,805,.655,389,1192,504,214,124,457,648
284,Southern California,33,21,12,.636,14.06,7.96,9,9,16,2,3,7,2668,2467,,1340,899,2152,.418,239,740,.323,430,613,.701,423,1248,452,191,132,408,646
285,SIU Edwardsville,28,6,22,.214,-10.56,-2.38,3,13,3,11,3,11,1839,2068,,1130,708,1554,.456,175,471,.372,477,675,.707,273,981,380,160,98,336,551
286,Southern Illinois,32,22,10,.688,2.76,-1.34,11,7,12,4,9,4,2360,2229,,1290,764,1687,.453,189,594,.318,512,758,.675,268,1038,377,190,88,478,680
287,Southern Methodist,30,25,5,.833,18.72,4.85,13,5,16,1,7,4,2319,1903,,1200,676,1690,.400,224,676,.331,327,513,.637,313,878,378,220,118,363,536
288,Southern Mississippi,29,8,21,.276,-10.39,-3.47,5,13,6,9,2,12,1866,2045,,1180,687,1575,.436,249,699,.356,422,605,.698,281,1026,395,189,87,342,525
289,Southern Utah,30,6,24,.200,-17.10,-3.96,3,15,3,10,3,13,2119,2429,,1210,839,1700,.494,231,559,.413,520,728,.714,299,1091,402,180,114,371,590
290,Southern,33,21,12,.636,-7.12,-9.02,11,7,12,1,6,10,2425,2294,,1320,799,1904,.420,220,689,.319,476,720,.661,399,1237,387,174,99,456,646
291,St. Bonaventure,30,22,8,.733,7.25,2.28,14,4,14,2,8,5,2334,2185,,1210,758,1746,.434,211,663,.318,458,660,.694,364,1096,424,159,91,394,592
292,St. Francis (NY),32,15,17,.469,-10.91,-8.91,11,7,9,5,6,11,2095,2131,,1290,765,1809,.423,152,463,.328,449,630,.713,349,1154,368,204,90,404,592
293,St. John's (NY),32,8,24,.250,-2.01,7.83,1,17,6,10,0,10,2174,2472,,1280,835,1854,.450,238,643,.370,564,795,.709,355,1260,459,273,109,464,664
294,Stanford,30,15,15,.500,8.54,10.89,8,10,12,5,2,8,2088,2111,,1210,728,1647,.442,228,627,.364,427,646,.661,318,1053,420,161,93,402,645
295,Stephen F. Austin,31,26,5,.839,8.11,-6.93,18,0,14,0,9,4,2501,1961,,1240,697,1590,.438,162,493,.329,405,618,.655,296,984,366,170,86,576,622
296,Stetson,34,12,22,.353,-10.69,-4.26,4,10,6,8,5,13,2729,2807,,1390,1052,2221,.474,251,725,.346,452,670,.675,407,1362,524,209,155,415,634
297,Stony Brook,31,25,6,.806,4.26,-6.15,14,2,14,1,11,5,2378,1956,,1245,710,1770,.401,202,621,.325,334,472,.708,283,983,339,173,80,391,563
298,Syracuse,32,19,13,.594,13.60,9.10,9,9,13,4,3,7,2247,2103,,1295,759,1834,.414,225,740,.304,360,540,.667,414,1180,494,208,85,430,574
299,Temple,31,21,10,.677,7.91,6.16,14,4,11,3,8,4,2135,2081,,1260,756,1827,.414,182,586,.311,387,524,.739,340,1187,381,133,112,343,488
300,Tennessee-Martin,33,19,14,.576,-5.67,-4.76,10,6,11,2,7,9,2398,2338,,1335,830,1920,.432,283,830,.341,395,563,.702,340,1131,467,182,92,399,613
,,Overall,Overall,Overall,Overall,Overall,Overall,Conf.,Conf.,Home,Home,Away,Away,Points,Points,,,Opponent Totals,Opponent Totals,Opponent Totals,Opponent Totals,Opponent Totals,Opponent Totals,Opponent Totals,Opponent Totals,Opponent Totals,Opponent Totals,Opponent Totals,Opponent Totals,Opponent Totals,Opponent Totals,Opponent Totals,Opponent Totals
Rk,School,G,W,L,W-L%,SRS,SOS,W,L,W,L,W,L,Tm.,Opp.,,MP,FG,FGA,FG%,3P,3PA,3P%,FT,FTA,FT%,ORB,TRB,AST,STL,BLK,TOV,PF
301,Tennessee State,30,20,10,.667,-1.54,-5.32,11,5,11,2,7,7,2200,2056,,1210,674,1631,.413,239,672,.356,469,687,.683,304,1017,378,171,77,450,603
302,Tennessee Tech,30,19,11,.633,-2.69,-3.73,11,5,14,1,5,9,2357,2265,,1205,806,1832,.440,231,634,.364,422,619,.682,358,1083,439,184,92,351,640
303,Tennessee,34,15,19,.441,8.23,8.28,6,12,12,4,1,11,2554,2556,,1360,886,2081,.426,248,726,.342,536,776,.691,456,1361,471,204,120,420,690
304,Texas A&M-Corpus Christi,31,25,6,.806,-2.01,-6.01,15,3,13,1,10,5,2296,2130,,1240,691,1680,.411,216,621,.348,532,744,.715,360,1112,375,191,70,509,630
305,Texas A&M,32,25,7,.781,18.57,8.41,13,5,17,1,5,5,2433,2108,,1285,742,1808,.410,236,711,.332,388,587,.661,356,1116,422,156,110,463,625
306,Texas-Arlington,32,23,9,.719,6.27,-2.93,13,7,13,2,9,7,2556,2213,,1295,724,1832,.395,245,748,.328,520,791,.657,331,1152,386,216,147,484,655
307,Texas Christian,33,12,21,.364,4.73,9.28,2,16,9,9,1,10,2209,2359,,1320,806,1805,.447,225,647,.348,522,747,.699,349,1204,486,246,151,482,738
308,Texas-El Paso,33,19,14,.576,-3.56,-4.69,10,8,14,4,2,9,2554,2471,,1335,853,2013,.424,268,796,.337,497,734,.677,403,1294,482,175,100,470,695
309,Texas-Rio Grande Valley,30,8,22,.267,-17.57,-3.94,4,10,7,6,1,13,1993,2330,,1200,861,1897,.454,207,602,.344,401,586,.684,400,1235,479,191,82,305,507
310,Texas-San Antonio,32,5,27,.156,-16.15,-3.15,3,15,4,10,1,14,2317,2698,,1290,924,1826,.506,280,687,.408,564,834,.676,280,1180,541,200,159,410,664
311,Texas Southern,32,18,14,.563,-4.55,-7.27,16,2,9,0,7,12,2330,2243,,1280,843,1932,.436,208,623,.334,351,466,.753,322,1044,430,201,124,348,686
312,Texas State,31,15,16,.484,-5.08,-4.01,8,12,10,4,4,11,2046,1993,,1250,691,1627,.425,194,560,.346,417,596,.700,312,1063,340,177,92,436,606
313,Texas Tech,31,19,12,.613,13.27,10.72,9,9,14,3,3,7,2244,2165,,1255,758,1777,.427,237,674,.352,412,585,.704,355,1046,348,197,102,387,654
314,Texas,32,20,12,.625,15.80,12.52,11,7,14,3,5,5,2283,2178,,1290,754,1801,.419,201,586,.343,469,675,.695,359,1153,358,145,104,398,651
315,Toledo,32,17,15,.531,3.15,-2.17,8,10,9,6,6,8,2482,2286,,1280,815,1874,.435,267,691,.386,389,538,.723,275,1064,408,203,100,390,638
316,Towson,32,20,12,.625,0.68,-1.49,11,7,12,3,7,6,2286,2137,,1290,720,1728,.417,202,589,.343,495,670,.739,302,1018,348,166,109,403,665
317,Troy,31,9,22,.290,-8.99,-1.85,4,16,4,10,4,10,2145,2329,,1250,821,1859,.442,236,666,.354,451,641,.704,356,1202,442,199,111,389,630
318,Tulane,33,12,21,.364,-0.32,3.86,3,15,6,10,2,10,2186,2324,,1350,820,1888,.434,209,588,.355,475,693,.685,355,1224,392,228,115,433,582
319,Tulsa,31,20,11,.645,10.11,5.79,12,6,12,3,6,5,2294,2160,,1250,733,1760,.416,235,647,.363,459,613,.749,339,1147,375,164,101,442,636
320,UCLA,32,15,17,.469,10.86,10.08,6,12,11,6,3,7,2480,2455,,1295,860,2002,.430,268,757,.354,467,677,.690,381,1188,462,213,98,372,619
,,Overall,Overall,Overall,Overall,Overall,Overall,Conf.,Conf.,Home,Home,Away,Away,Points,Points,,,Opponent Totals,Opponent Totals,Opponent Totals,Opponent Totals,Opponent Totals,Opponent Totals,Opponent Totals,Opponent Totals,Opponent Totals,Opponent Totals,Opponent Totals,Opponent Totals,Opponent Totals,Opponent Totals,Opponent Totals,Opponent Totals
Rk,School,G,W,L,W-L%,SRS,SOS,W,L,W,L,W,L,Tm.,Opp.,,MP,FG,FGA,FG%,3P,3PA,3P%,FT,FTA,FT%,ORB,TRB,AST,STL,BLK,TOV,PF
321,Utah State,31,16,15,.516,2.66,2.04,7,11,10,6,5,8,2274,2217,,1240,795,1800,.442,228,663,.344,399,575,.694,315,1070,435,190,96,353,558
322,Utah Valley,30,12,18,.400,-9.31,-3.31,6,8,7,7,5,9,2280,2360,,1210,851,1902,.447,183,562,.326,475,685,.693,341,1205,440,192,93,385,569
323,Utah,33,26,7,.788,17.48,8.79,13,5,16,1,5,5,2582,2263,,1340,840,2048,.410,242,667,.363,341,470,.726,343,1087,357,203,118,348,660
324,Valparaiso,32,26,6,.813,10.27,-1.36,16,2,14,1,12,4,2425,1991,,1290,671,1761,.381,199,594,.335,450,693,.649,293,1030,334,178,110,420,625
325,Vanderbilt,32,19,13,.594,18.27,8.86,11,7,14,2,3,9,2456,2155,,1290,762,1974,.386,176,603,.292,455,675,.674,388,1192,331,180,99,316,628
326,Vermont,33,21,12,.636,-1.35,-4.85,11,5,12,3,8,8,2476,2317,,1320,806,1887,.427,233,637,.366,472,686,.688,330,1078,406,226,117,385,634
327,Villanova,33,29,4,.879,21.96,8.23,16,2,15,1,10,2,2550,2097,,1325,737,1855,.397,234,697,.336,389,582,.668,351,1112,429,190,69,456,635
328,Virginia Commonwealth,32,23,9,.719,13.83,3.58,14,4,15,2,7,4,2475,2147,,1290,763,1752,.436,180,525,.343,441,646,.683,313,1112,405,186,130,500,573
329,VMI,30,9,21,.300,-12.51,-2.69,4,14,8,6,1,14,2081,2264,,1205,769,1716,.448,224,615,.364,502,693,.724,339,1163,375,205,92,390,508
330,Virginia Tech,33,19,14,.576,10.22,7.73,10,8,13,5,4,6,2461,2379,,1340,853,1970,.433,225,722,.312,448,656,.683,382,1181,433,186,172,425,730
331,Virginia,32,26,6,.813,22.23,11.08,13,5,15,0,5,6,2265,1908,,1285,663,1583,.419,209,595,.351,373,537,.695,258,907,320,166,71,387,545
332,Wagner,32,22,10,.688,-4.42,-10.39,13,5,13,4,9,6,2256,2047,,1285,683,1677,.407,180,554,.325,501,738,.679,306,1037,354,178,108,454,602
333,Wake Forest,31,11,20,.355,5.87,10.87,2,16,6,9,3,9,2295,2450,,1250,847,1923,.440,209,626,.334,547,742,.737,367,1142,390,247,121,339,652
334,Washington State,31,9,22,.290,1.00,8.46,1,17,8,9,0,10,2187,2394,,1260,836,1886,.443,210,586,.358,512,699,.732,333,1107,380,210,95,333,524
335,Washington,32,18,14,.563,12.19,8.60,9,9,12,5,3,6,2668,2553,,1305,870,2035,.428,196,600,.327,617,905,.682,460,1355,406,197,122,522,738
336,Weber State,33,25,8,.758,0.27,-5.90,15,3,13,1,6,7,2547,2214,,1340,823,1988,.414,191,548,.349,377,564,.668,314,1095,335,192,51,362,703
337,West Virginia,33,26,7,.788,23.20,9.93,13,5,13,2,7,4,2622,2184,,1330,684,1610,.425,190,584,.325,626,884,.708,290,1018,345,222,123,597,764
338,Western Carolina,33,16,17,.485,-4.45,-1.05,10,8,12,2,3,14,2405,2411,,1345,802,1852,.433,236,693,.341,571,805,.709,368,1187,428,228,121,493,680
339,Western Illinois,27,10,17,.370,-5.91,-1.03,3,13,7,6,3,11,1904,1914,,1080,647,1508,.429,176,475,.371,444,621,.715,251,943,318,170,76,303,488
340,Western Kentucky,34,18,16,.529,-1.15,-0.75,8,10,12,4,3,9,2620,2586,,1385,949,2091,.454,280,742,.377,408,617,.661,363,1128,493,219,98,365,652
,,Overall,Overall,Overall,Overall,Overall,Overall,Conf.,Conf.,Home,Home,Away,Away,Points,Points,,,Opponent Totals,Opponent Totals,Opponent Totals,Opponent Totals,Opponent Totals,Opponent Totals,Opponent Totals,Opponent Totals,Opponent Totals,Opponent Totals,Opponent Totals,Opponent Totals,Opponent Totals,Opponent Totals,Opponent Totals,Opponent Totals
Rk,School,G,W,L,W-L%,SRS,SOS,W,L,W,L,W,L,Tm.,Opp.,,MP,FG,FGA,FG%,3P,3PA,3P%,FT,FTA,FT%,ORB,TRB,AST,STL,BLK,TOV,PF
341,Western Michigan,32,13,19,.406,-1.79,0.35,7,11,10,5,2,12,2342,2352,,1310,804,1824,.441,264,754,.350,480,690,.696,286,1097,430,187,116,388,683
342,Wichita State,32,24,8,.750,16.69,2.98,16,2,14,1,9,3,2343,1896,,1290,602,1566,.384,187,577,.324,505,705,.716,260,1051,292,150,94,492,657
343,William & Mary,31,20,11,.645,5.93,1.65,11,7,12,3,7,7,2384,2205,,1250,798,1895,.421,251,769,.326,358,516,.694,319,1075,403,182,108,330,598
344,Winthrop,32,23,9,.719,-0.99,-5.27,13,5,14,1,7,7,2631,2429,,1280,870,2051,.424,226,669,.338,463,651,.711,407,1202,366,196,102,375,653
345,Wisconsin,32,20,12,.625,13.55,9.24,12,6,13,5,6,5,2204,2066,,1290,732,1705,.429,189,499,.379,413,585,.706,294,1017,340,169,106,390,653
346,Wofford,32,15,17,.469,-3.37,-1.97,11,7,11,2,4,14,2296,2295,,1295,826,1699,.486,177,502,.353,466,682,.683,254,1005,379,192,100,370,607
347,Wright State,35,22,13,.629,0.26,-1.68,13,5,13,2,5,9,2399,2303,,1405,745,1768,.421,206,627,.329,607,846,.717,294,1215,373,176,114,488,622
348,Wyoming,32,14,18,.438,0.13,2.23,7,11,10,6,4,8,2294,2302,,1295,787,1826,.431,239,682,.350,489,701,.698,340,1181,371,186,71,346,709
349,Xavier,32,27,5,.844,18.79,8.48,14,4,15,1,8,3,2603,2273,,1280,787,1894,.416,241,766,.315,458,651,.704,319,1073,435,195,111,451,739
350,Yale,28,22,6,.786,8.65,-2.32,13,1,12,0,9,6,2105,1768,,1125,625,1536,.407,166,525,.316,352,506,.696,237,821,311,187,98,347,599
351,Youngstown State,32,11,21,.344,-10.78,-0.78,6,12,6,8,3,11,2437,2682,,1305,984,2094,.470,256,756,.339,458,661,.693,396,1336,557,209,107,407,560