+----------------------------+------------+---------+------------+----------+
| team_name                  | ts         | ts_rank | pra        | pra_rank |
+----------------------------+------------+---------+------------+----------+
| Louisville                 |    1.15838 |      20 |    21.8296 |        1 |
| Arizona                    |     1.5928 |       3 |    20.7236 |        2 |
| Florida                    |    1.69955 |       1 |    18.9707 |        3 |
| Kansas                     |    1.42844 |       5 |    18.0632 |        4 |
| Villanova                  |    1.52653 |       4 |    17.6963 |        5 |
| Virginia                   |    1.29407 |       8 |    16.9757 |        6 |
| Creighton                  |    1.28991 |       9 |    16.7755 |        7 |
| Duke                       |    1.18831 |      14 |    16.5151 |        8 |
| Wichita State              |    1.60166 |       2 |    16.2134 |        9 |
| UCLA                       |    1.16121 |      19 |    16.1402 |       10 |
| Michigan State             |    1.23377 |      13 |     15.839 |       11 |
| Wisconsin                  |    1.37217 |       6 |    15.5207 |       12 |
| Oklahoma State             |   0.857507 |      45 |    15.0113 |       13 |
| Michigan                   |    1.26272 |      12 |    14.8367 |       14 |
| Virginia Commonwealth      |    1.17037 |      18 |    14.7388 |       15 |
| Iowa State                 |    1.36844 |       7 |    14.6598 |       16 |
| Tennessee                  |   0.743163 |      53 |    14.5827 |       17 |
| Gonzaga                    |    1.15733 |      21 |    14.0833 |       18 |
| Kentucky                   |    1.04438 |      25 |    14.0421 |       19 |
| Ohio State                 |     1.0557 |      24 |    13.8595 |       20 |
| Pittsburgh                 |   0.953245 |      37 |    13.7074 |       21 |
| Iowa                       |    0.70558 |      57 |    13.4932 |       22 |
| Oklahoma                   |    1.09633 |      22 |    13.2017 |       23 |
| San Diego State            |    1.28165 |      10 |    13.1343 |       24 |
| Connecticut                |    1.03348 |      28 |    13.0974 |       25 |
| Syracuse                   |      1.279 |      11 |    13.0366 |       26 |
| North Carolina             |   0.993055 |      33 |    12.9114 |       27 |
| Baylor                     |    1.03408 |      27 |    12.7838 |       28 |
| Oregon                     |     1.0243 |      30 |    12.5842 |       29 |
| Cincinnati                 |     1.0561 |      23 |    12.5482 |       30 |
| New Mexico                 |    1.18214 |      17 |     12.181 |       31 |
| Harvard                    |   0.981982 |      36 |    12.0776 |       32 |
| Stanford                   |   0.842827 |      47 |    11.4426 |       33 |
| Louisiana Tech             |   0.780777 |      51 |    11.3887 |       34 |
| Southern Methodist         |   0.741907 |      54 |    11.2581 |       35 |
| St. John's (NY)            |     0.6756 |      61 |    10.8263 |       36 |
| Saint Louis                |    1.18513 |      15 |    10.4881 |       37 |
| Utah                       |   0.614942 |      72 |    10.4718 |       38 |
| Arizona State              |   0.806297 |      48 |    10.4532 |       39 |
| Texas                      |   0.988213 |      34 |    10.4516 |       40 |
| Providence                 |   0.894878 |      40 |    10.3799 |       41 |
| Kansas State               |   0.785682 |      49 |    10.3451 |       42 |
| Memphis                    |   0.868993 |      44 |    10.2185 |       43 |
| Brigham Young              |   0.883734 |      42 |    10.1938 |       44 |
| Xavier                     |   0.781552 |      50 |    9.98346 |       45 |
| Saint Joseph's             |    1.02777 |      29 |    9.96062 |       46 |
| Arkansas                   |   0.623688 |      70 |    9.80885 |       47 |
| George Washington          |    1.03778 |      26 |    9.57957 |       48 |
| Massachusetts              |     1.1851 |      16 |    9.47772 |       49 |
| North Dakota State         |    1.00513 |      31 |    9.35123 |       50 |
| Florida State              |   0.691566 |      58 |    9.28564 |       51 |
| Maryland                   |   0.466026 |      92 |    9.25799 |       52 |
| Nebraska                   |   0.726367 |      55 |    9.17331 |       53 |
| Georgia State              |   0.671111 |      62 |    9.08773 |       54 |
| West Virginia              |   0.513556 |      85 |    8.97283 |       55 |
| Dayton                     |   0.884601 |      41 |    8.95848 |       56 |
| Georgetown                 |   0.605616 |      73 |    8.67932 |       57 |
| Illinois                   |   0.603371 |      74 |    8.62525 |       58 |
| Iona                       |   0.676352 |      60 |    8.48775 |       59 |
| Colorado                   |   0.932412 |      39 |    8.36668 |       60 |
| Marquette                  |   0.476578 |      90 |    8.33337 |       61 |
| Manhattan                  |   0.855417 |      46 |    8.29896 |       62 |
| Tulsa                      |   0.540643 |      81 |    8.20631 |       63 |
| Clemson                    |   0.551812 |      79 |    8.13307 |       64 |
| Minnesota                  |   0.685194 |      59 |     8.1161 |       65 |
| Green Bay                  |   0.873408 |      43 |    7.93589 |       66 |
| Vermont                    |   0.311939 |     113 |    7.87514 |       67 |
| Indiana                    |   0.398574 |     103 |    7.86617 |       68 |
| California                 |   0.656439 |      67 |    7.61075 |       69 |
| Boise State                |   0.504044 |      86 |    7.43595 |       70 |
| New Mexico State           |   0.573548 |      78 |    7.40564 |       71 |
| Georgia                    |   0.525502 |      82 |    7.23913 |       72 |
| Louisiana State            |    0.57611 |      77 |    7.19489 |       73 |
| Stephen F. Austin          |   0.993207 |      32 |    7.13041 |       74 |
| North Carolina Central     |   0.547336 |      80 |    7.08405 |       75 |
| Missouri                   |   0.765656 |      52 |     6.9276 |       76 |
| Nevada-Las Vegas           |   0.357855 |     109 |    6.89247 |       77 |
| Southern Mississippi       |   0.946793 |      38 |    6.87898 |       78 |
| Saint Mary's (CA)          |   0.658699 |      66 |    6.78934 |       79 |
| North Carolina State       |   0.642701 |      68 |    6.76629 |       80 |
| San Francisco              |   0.615655 |      71 |    6.65492 |       81 |
| Texas Tech                 |   0.278652 |     116 |    6.63705 |       82 |
| Miami (FL)                 |   0.277749 |     117 |    6.59278 |       83 |
| Cleveland State            |   0.517372 |      84 |    6.45959 |       84 |
| Seton Hall                 |   0.244629 |     121 |     6.3366 |       85 |
| Penn State                 |   0.237579 |     123 |    6.08365 |       86 |
| Middle Tennessee           |   0.632835 |      69 |    5.90103 |       87 |
| Purdue                     |    0.19842 |     128 |    5.72295 |       88 |
| St. Bonaventure            |   0.439653 |      98 |    5.55289 |       89 |
| Alabama                    |   0.134465 |     143 |    5.54185 |       90 |
| Buffalo                    |   0.441397 |      97 |    5.53609 |       91 |
| Oregon State               |   0.381994 |     105 |    5.52893 |       92 |
| Mercer                     |    0.52377 |      83 |     5.4754 |       93 |
| Butler                     |   0.154616 |     140 |     5.4282 |       94 |
| Washington                 |   0.364257 |     107 |     5.3312 |       95 |
| California-Irvine          |   0.350167 |     110 |    5.27138 |       96 |
| Richmond                   |   0.584007 |      75 |    5.17629 |       97 |
| Northern Iowa              |   0.298358 |     114 |    5.04083 |       98 |
| Notre Dame                 |   0.163986 |     137 |    4.95801 |       99 |
| Mississippi                |   0.434288 |     100 |    4.93883 |      100 |
| Belmont                    |   0.663357 |      65 |    4.78483 |      101 |
| Canisius                   |   0.458814 |      94 |    4.43217 |      102 |
| Delaware                   |   0.711164 |      56 |    4.33841 |      103 |
| Princeton                  |   0.375101 |     106 |    4.28681 |      104 |
| Texas-El Paso              |   0.441568 |      96 |    4.23463 |      105 |
| American                   |   0.215133 |     127 |    4.22951 |      106 |
| La Salle                   |   0.359052 |     108 |    4.14588 |      107 |
| Western Michigan           |   0.667305 |      64 |    4.11305 |      108 |
| Rhode Island               |  0.0771141 |     153 |    4.09258 |      109 |
| Toledo                     |   0.984191 |      35 |    4.08164 |      110 |
| Boston University          |   0.493013 |      87 |    4.01945 |      111 |
| South Dakota State         |   0.246178 |     120 |    3.95688 |      112 |
| Davidson                   |   0.177192 |     134 |    3.93861 |      113 |
| Louisiana-Lafayette        |   0.475198 |      91 |    3.93399 |      114 |
| California-Santa Barbara   |   0.459247 |      93 |    3.74701 |      115 |
| South Carolina             |  0.0727346 |     155 |    3.34574 |      116 |
| Georgia Tech               |   0.101713 |     150 |    3.30782 |      117 |
| Portland                   | 0.00948892 |     166 |    3.29435 |      118 |
| Indiana State              |   0.668914 |      63 |    3.21481 |      119 |
| Wyoming                    |   0.177091 |     135 |    3.00946 |      120 |
| Fresno State               |   0.196666 |     129 |    3.00887 |      121 |
| Ohio                       |   0.580851 |      76 |     2.9437 |      122 |
| Vanderbilt                 |   0.228425 |     124 |    2.78745 |      123 |
| Northwestern               |   0.179196 |     133 |    2.71555 |      124 |
| Towson                     |   0.439065 |      99 |    2.70442 |      125 |
| Eastern Michigan           |   0.433297 |     101 |    2.66093 |      126 |
| Eastern Kentucky           |   0.480191 |      89 |    2.64171 |      127 |
| Auburn                     |  0.0538313 |     159 |     2.5996 |      128 |
| IPFW                       |   0.420693 |     102 |    2.51023 |      129 |
| Wright State               |   0.109574 |     148 |    2.50457 |      130 |
| Texas A&M                  |   0.174362 |     136 |    2.47271 |      131 |
| Columbia                   |   0.132568 |     144 |    2.45368 |      132 |
| Utah State                 |    0.23844 |     122 |    2.36944 |      133 |
| Duquesne                   | -0.0720388 |     182 |    2.26064 |      134 |
| Denver                     |   0.111359 |     147 |    2.22694 |      135 |
| Wake Forest                |   0.262826 |     118 |    2.05366 |      136 |
| Akron                      |   0.485451 |      88 |    1.95838 |      137 |
| Long Beach State           | -0.0435492 |     174 |    1.95549 |      138 |
| Colorado State             | -0.0667145 |     180 |     1.9258 |      139 |
| Boston College             |  -0.327122 |     242 |    1.77978 |      140 |
| George Mason               |  -0.051322 |     177 |    1.76299 |      141 |
| Nevada                     |   0.101994 |     149 |      1.614 |      142 |
| San Diego                  |  0.0622783 |     157 |    1.57632 |      143 |
| Houston                    |   0.129081 |     145 |    1.54164 |      144 |
| Hawaii                     |  0.0891742 |     151 |     1.4806 |      145 |
| Holy Cross                 |   0.163353 |     138 |    1.36456 |      146 |
| Quinnipiac                 |   0.386275 |     104 |    1.33215 |      147 |
| Santa Clara                |   -0.16914 |     201 |    1.32132 |      148 |
| Murray State               |   0.144921 |     141 |    1.10952 |      149 |
| Illinois State             |   0.183334 |     132 |    1.08584 |      150 |
| Southern Illinois          |  -0.148198 |     197 |   0.974391 |      151 |
| Central Florida            |  -0.223735 |     218 |   0.953241 |      152 |
| Drexel                     |   0.196378 |     130 |   0.887199 |      153 |
| Valparaiso                 |  0.0099001 |     164 |    0.72349 |      154 |
| Milwaukee                  |   0.340721 |     111 |   0.620147 |      155 |
| Stony Brook                |   0.127703 |     146 |   0.590584 |      156 |
| Missouri State             |   0.442353 |      95 |   0.589107 |      157 |
| Bucknell                   | -0.0322836 |     172 |   0.538779 |      158 |
| Brown                      |  -0.191908 |     209 |   0.526126 |      159 |
| Arkansas State             |  0.0811402 |     152 |   0.522978 |      160 |
| Southern California        |    -0.0891 |     186 |   0.376992 |      161 |
| Weber State                | -0.0101037 |     170 |   0.313941 |      162 |
| Temple                     |  -0.273998 |     236 |   0.277456 |      163 |
| Pacific                    |   0.189157 |     131 |  0.0478475 |      164 |
| William & Mary             |   0.283139 |     115 |  0.0164968 |      165 |
| Albany (NY)                |  -0.109654 |     190 | -0.0500451 |      166 |
| Yale                       | 0.00892263 |     167 |   -0.06062 |      167 |
| Siena                      | -0.0778143 |     184 |  -0.101769 |      168 |
| Pepperdine                 |  0.0746971 |     154 |  -0.195745 |      169 |
| Florida Gulf Coast         |  0.0453981 |     160 |  -0.300162 |      170 |
| Colgate                    |  -0.467207 |     261 |  -0.302104 |      171 |
| DePaul                     |  0.0419716 |     161 |  -0.325243 |      172 |
| Nebraska-Omaha             | -0.0956321 |     188 |  -0.420421 |      173 |
| Rutgers                    |  -0.283484 |     237 |  -0.508987 |      174 |
| Northwestern State         |  0.0280006 |     163 |  -0.540815 |      175 |
| South Carolina Upstate     | -0.0447347 |     175 |  -0.628476 |      176 |
| Alabama-Birmingham         |  0.0701743 |     156 |  -0.644277 |      177 |
| Wagner                     | -0.0386724 |     173 |    -0.6554 |      178 |
| Washington State           |  -0.209588 |     214 |  -0.759402 |      179 |
| Western Kentucky           |   0.262062 |     119 |  -0.822913 |      180 |
| Wofford                    |  0.0339004 |     162 |  -0.832811 |      181 |
| Cal Poly                   |  -0.268745 |     234 |  -0.887931 |      182 |
| Virginia Tech              |  -0.467096 |     260 |  -0.931157 |      183 |
| Youngstown State           |  -0.210189 |     215 |  -0.991637 |      184 |
| Oakland                    |  -0.137933 |     196 |   -1.11991 |      185 |
| Morehead State             |   0.139847 |     142 |   -1.14788 |      186 |
| Detroit Mercy              |  -0.261672 |     231 |    -1.2258 |      187 |
| Marist                     |  -0.332463 |     244 |   -1.37198 |      188 |
| Kent State                 | -0.0928608 |     187 |     -1.388 |      189 |
| Loyola Marymount           | -0.0674302 |     181 |   -1.47416 |      190 |
| Mount St. Mary's           |  -0.117877 |     192 |   -1.52576 |      191 |
| Robert Morris              |   0.220018 |     125 |   -1.57488 |      192 |
| Oral Roberts               | -0.0246566 |     171 |   -1.59674 |      193 |
| Northern Illinois          |  -0.109912 |     191 |   -1.62483 |      194 |
| College of Charleston      |  -0.335819 |     246 |   -1.63509 |      195 |
| Old Dominion               | -0.0753081 |     183 |   -1.78222 |      196 |
| Utah Valley                |    0.15485 |     139 |   -1.84165 |      197 |
| South Florida              |  -0.300128 |     239 |   -1.87223 |      198 |
| Sam Houston State          |    0.31705 |     112 |   -1.89693 |      199 |
| St. Francis (NY)           | -0.0649793 |     179 |   -2.01603 |      200 |
| Drake                      |  0.0030138 |     169 |   -2.04553 |      201 |
| Southern                   | 0.00694834 |     168 |   -2.13154 |      202 |
| Charlotte                  |  0.0590014 |     158 |   -2.25463 |      203 |
| Bryant                     | -0.0557648 |     178 |   -2.43416 |      204 |
| Northeastern               |  -0.334478 |     245 |   -2.49508 |      205 |
| Miami (OH)                 |  0.0095351 |     165 |   -2.58716 |      206 |
| Saint Peter's              |  -0.236416 |     223 |   -2.59622 |      207 |
| Hampton                    | -0.0876804 |     185 |   -2.62121 |      208 |
| Bowling Green State        |  -0.211446 |     216 |   -2.66747 |      209 |
| Fordham                    |  -0.254725 |     229 |   -2.68203 |      210 |
| Cal State Northridge       |    -0.3548 |     249 |   -2.76299 |      211 |
| Rider                      |  -0.161075 |     198 |   -2.77159 |      212 |
| Mississippi State          |  -0.243884 |     225 |   -2.85036 |      213 |
| Army                       |  -0.331054 |     243 |   -2.85701 |      214 |
| Bradley                    |  -0.392019 |     254 |   -2.95321 |      215 |
| Hartford                   |  -0.291795 |     238 |   -2.97321 |      216 |
| Texas Christian            |  -0.249799 |     227 |   -2.98692 |      217 |
| Elon                       | -0.0483182 |     176 |   -2.99241 |      218 |
| Montana                    |  -0.186226 |     207 |   -3.04627 |      219 |
| Morgan State               |  -0.251621 |     228 |   -3.05705 |      220 |
| Texas-Arlington            |  -0.124898 |     193 |   -3.08521 |      221 |
| Evansville                 |  -0.183692 |     205 |     -3.254 |      222 |
| Dartmouth                  |  -0.543549 |     268 |   -3.26003 |      223 |
| Northern Colorado          |  -0.235291 |     222 |   -3.30566 |      224 |
| Arkansas-Little Rock       |  -0.107634 |     189 |   -3.31012 |      225 |
| VMI                        |   0.215358 |     126 |   -3.47419 |      226 |
| Texas A&M-Corpus Christi   |  -0.197665 |     210 |    -3.4755 |      227 |
| Cal State Bakersfield      |  -0.545015 |     269 |   -3.62592 |      228 |
| Texas Southern             |   -0.18348 |     204 |   -3.65952 |      229 |
| Southeast Missouri State   |  -0.230455 |     220 |   -3.80912 |      230 |
| Florida International      |  -0.198071 |     211 |   -3.89708 |      231 |
| Charleston Southern        |  -0.646695 |     284 |   -3.90262 |      232 |
| East Carolina              |  -0.258532 |     230 |   -3.98958 |      233 |
| Eastern Washington         |  -0.395473 |     255 |   -4.03065 |      234 |
| Western Carolina           |  -0.244757 |     226 |   -4.03184 |      235 |
| North Carolina-Asheville   |  -0.234218 |     221 |   -4.06023 |      236 |
| Coastal Carolina           |  -0.191092 |     208 |   -4.14672 |      237 |
| Winthrop                   |  -0.127934 |     195 |   -4.16218 |      238 |
| Grand Canyon               |  -0.183759 |     206 |   -4.24417 |      239 |
| Lafayette                  |  -0.547687 |     270 |   -4.30006 |      240 |
| Troy                       |  -0.613223 |     279 |   -4.31078 |      241 |
| Gardner-Webb               |  -0.268283 |     233 |   -4.31824 |      242 |
| Norfolk State              |   -0.23891 |     224 |   -4.43024 |      243 |
| East Tennessee State       |  -0.212218 |     217 |   -4.44973 |      244 |
| Louisiana-Monroe           |  -0.338962 |     247 |   -4.45871 |      245 |
| South Dakota               |    -0.3611 |     252 |   -4.55817 |      246 |
| Air Force                  |  -0.375373 |     253 |   -4.56623 |      247 |
| Loyola (IL)                |  -0.626156 |     280 |   -4.58297 |      248 |
| Seattle                    |  -0.518312 |     266 |   -4.58578 |      249 |
| Cal State Fullerton        |  -0.578613 |     273 |   -4.59391 |      250 |
| Idaho                      |  -0.318143 |     240 |   -4.61765 |      251 |
| North Dakota               |   -0.27164 |     235 |   -4.63913 |      252 |
| Lehigh                     |  -0.355002 |     250 |   -4.72379 |      253 |
| Marshall                   |  -0.661821 |     287 |   -5.14669 |      254 |
| North Texas                |  -0.165685 |     200 |   -5.15211 |      255 |
| Idaho State                |  -0.743874 |     300 |   -5.17836 |      256 |
| Florida Atlantic           |  -0.670843 |     289 |   -5.19873 |      257 |
| James Madison              |  -0.342685 |     248 |   -5.24601 |      258 |
| High Point                 |  -0.175959 |     202 |   -5.27506 |      259 |
| Hofstra                    |  -0.613055 |     278 |   -5.30284 |      260 |
| Sacramento State           |  -0.560899 |     271 |   -5.32324 |      261 |
| Northern Arizona           |   -0.40599 |     257 |   -5.33419 |      262 |
| Fairfield                  |  -0.755968 |     303 |   -5.35094 |      263 |
| Portland State             |   -0.43214 |     258 |   -5.40828 |      264 |
| Radford                    |  -0.176249 |     203 |   -5.42109 |      265 |
| Monmouth                   |  -0.604305 |     277 |   -5.46674 |      266 |
| South Alabama              |  -0.585676 |     274 |   -5.51312 |      267 |
| Western Illinois           |   -0.65018 |     286 |   -5.54134 |      268 |
| North Florida              |  -0.163391 |     199 |   -5.59489 |      269 |
| Illinois-Chicago           |  -0.991216 |     322 |   -5.73837 |      270 |
| Pennsylvania               |  -0.672725 |     290 |   -5.87768 |      271 |
| Incarnate Word             |  -0.126957 |     194 |   -5.90316 |      272 |
| Savannah State             |  -0.590105 |     275 |   -5.95148 |      273 |
| Tennessee Tech             |   -0.22803 |     219 |   -5.98505 |      274 |
| Lipscomb                   |  -0.200979 |     212 |   -6.11432 |      275 |
| Niagara                    |  -0.816864 |     309 |   -6.29359 |      276 |
| Missouri-Kansas City       |  -0.469855 |     262 |   -6.47148 |      277 |
| California-Riverside       |  -0.855953 |     313 |   -6.51357 |      278 |
| Texas State                |  -0.831148 |     310 |   -6.82722 |      279 |
| Chattanooga                |  -0.321107 |     241 |    -6.9574 |      280 |
| North Carolina-Wilmington  |  -0.699039 |     294 |    -7.0983 |      281 |
| Fairleigh Dickinson        |  -0.628859 |     281 |   -7.10999 |      282 |
| Central Michigan           |  -0.694192 |     293 |   -7.52977 |      283 |
| Tennessee State            |   -1.02481 |     325 |   -7.98862 |      284 |
| Chicago State              |  -0.456577 |     259 |   -8.07293 |      285 |
| Ball State                 |  -0.863678 |     315 |   -8.22374 |      286 |
| Tulane                     |  -0.201064 |     213 |   -8.26363 |      287 |
| Navy                       |  -0.904861 |     317 |   -8.31989 |      288 |
| SIU Edwardsville           |  -0.404251 |     256 |   -8.32136 |      289 |
| Loyola (MD)                |  -0.603602 |     276 |   -8.33707 |      290 |
| Coppin State               |  -0.576218 |     272 |   -8.36812 |      291 |
| Texas-Pan American         |  -0.861524 |     314 |    -8.6857 |      292 |
| Georgia Southern           |   -0.74637 |     301 |   -8.70622 |      293 |
| Nicholls State             |  -0.359546 |     251 |   -8.84799 |      294 |
| Austin Peay                |  -0.684198 |     292 |   -8.86569 |      295 |
| Liberty                    |  -0.990888 |     321 |   -9.03549 |      296 |
| NJIT                       |  -0.762216 |     304 |   -9.04889 |      297 |
| Eastern Illinois           |  -0.743632 |     299 |   -9.08334 |      298 |
| Saint Francis (PA)         |  -0.723485 |     296 |   -9.16516 |      299 |
| Florida A&M                |  -0.648648 |     285 |   -9.17941 |      300 |
| Alabama State              |   -0.26459 |     232 |   -9.19916 |      301 |
| McNeese State              |  -0.522953 |     267 |   -9.20296 |      302 |
| San Jose State             |  -0.741883 |     298 |   -9.22023 |      303 |
| Alabama A&M                |  -0.503098 |     265 |   -9.24818 |      304 |
| Central Connecticut State  |  -0.738188 |     297 |   -9.31355 |      305 |
| Jacksonville               |  -0.636204 |     282 |   -9.37515 |      306 |
| Montana State              |  -0.642362 |     283 |   -9.46642 |      307 |
| Jackson State              |  -0.665229 |     288 |   -9.56004 |      308 |
| Rice                       |  -0.940747 |     318 |   -9.62822 |      309 |
| Massachusetts-Lowell       |  -0.708785 |     295 |   -9.66527 |      310 |
| Delaware State             |   -1.03155 |     328 |   -9.81958 |      311 |
| Texas-San Antonio          |  -0.872073 |     316 |   -9.87897 |      312 |
| Northern Kentucky          |   -0.83516 |     311 |   -9.96541 |      313 |
| Southeastern Louisiana     |    -0.6838 |     291 |   -10.0845 |      314 |
| Sacred Heart               |   -1.23262 |     341 |   -10.2634 |      315 |
| Jacksonville State         |  -0.853536 |     312 |   -10.3619 |      316 |
| California-Davis           |   -1.00988 |     324 |    -10.616 |      317 |
| North Carolina-Greensboro  |  -0.748265 |     302 |   -10.7934 |      318 |
| Arkansas-Pine Bluff        |  -0.497111 |     264 |   -10.9991 |      319 |
| Long Island University     |  -0.763448 |     305 |   -11.1829 |      320 |
| New Hampshire              |   -1.29561 |     346 |    -11.186 |      321 |
| Maryland-Baltimore County  |  -0.971913 |     320 |   -11.2266 |      322 |
| Tennessee-Martin           |   -1.06018 |     331 |   -11.2805 |      323 |
| New Orleans                |  -0.473035 |     263 |   -11.3386 |      324 |
| Samford                    |  -0.805783 |     308 |   -11.3661 |      325 |
| Alcorn State               |  -0.797753 |     307 |   -11.8692 |      326 |
| Prairie View               |  -0.767052 |     306 |   -12.0189 |      327 |
| Bethune-Cookman            |    -1.2522 |     342 |   -12.2763 |      328 |
| Binghamton                 |   -1.10338 |     334 |   -12.2774 |      329 |
| Howard                     |   -1.05489 |     330 |   -12.4801 |      330 |
| Cornell                    |   -1.31522 |     348 |   -12.5799 |      331 |
| IUPUI                      |   -1.06929 |     332 |   -13.0993 |      332 |
| Appalachian State          |   -1.19638 |     340 |   -13.1228 |      333 |
| Maryland-Eastern Shore     |   -1.29946 |     347 |   -13.1983 |      334 |
| Central Arkansas           |   -1.00099 |     323 |   -13.2155 |      335 |
| Campbell                   |  -0.943341 |     319 |   -13.2608 |      336 |
| North Carolina A&T         |   -1.02743 |     327 |   -13.5684 |      337 |
| Maine                      |   -1.18427 |     338 |   -13.8051 |      338 |
| Kennesaw State             |   -1.19424 |     339 |   -14.2387 |      339 |
| Lamar                      |   -1.26491 |     343 |   -14.2555 |      340 |
| Stetson                    |   -1.04554 |     329 |   -14.5457 |      341 |
| South Carolina State       |   -1.02694 |     326 |   -14.6638 |      342 |
| Citadel                    |   -1.38267 |     349 |   -14.7133 |      343 |
| Houston Baptist            |   -1.17579 |     337 |   -14.9469 |      344 |
| Abilene Christian          |   -1.16354 |     336 |   -15.0547 |      345 |
| Furman                     |   -1.12324 |     335 |   -15.2749 |      346 |
| Longwood                   |   -1.28165 |     345 |   -16.5515 |      347 |
| Mississippi Valley State   |   -1.09853 |     333 |   -16.7231 |      348 |
| Southern Utah              |   -1.55566 |     351 |    -17.517 |      349 |
| Presbyterian               |   -1.49458 |     350 |   -17.5459 |      350 |
| Grambling                  |   -1.27733 |     344 |   -18.2228 |      351 |
+----------------------------+------------+---------+------------+----------+
