1 	Abilene Christian 	31 	11 	20 	.355 	-19.13 	-3.65 	2 	12 	11 	6 	0 	14 	2214 	2228 		67.7 	104.2 	.400 	.360 	.559 	50.2 	54.5 	10.4 	6.8 	.515 	18.8 	30.5 	.300
2 	Air Force 	29 	12 	17 	.414 	-3.68 	2.25 	6 	12 	9 	9 	3 	8 	1921 	2013 		65.5 	100.3 	.371 	.421 	.539 	48.8 	61.6 	8.5 	10.4 	.505 	18.0 	26.9 	.258
3 	Akron 	31 	20 	11 	.645 	1.84 	-0.10 	12 	6 	14 	4 	6 	7 	2098 	2038 		65.9 	101.8 	.403 	.376 	.519 	51.2 	47.9 	10.0 	12.5 	.493 	17.2 	35.1 	.252
4 	Alabama A&M 	28 	13 	15 	.464 	-13.69 	-9.65 	10 	8 	8 	4 	5 	11 	1818 	1905 		66.6 	96.2 	.418 	.355 	.507 	46.7 	58.5 	8.9 	11.6 	.472 	17.1 	27.1 	.272
5 	Alabama-Birmingham 	30 	18 	12 	.600 	1.56 	-0.40 	7 	9 	13 	7 	5 	5 	2196 	2100 		69.4 	104.2 	.402 	.268 	.496 	55.2 	49.2 	7.7 	9.2 	.456 	15.1 	40.5 	.268
6 	Alabama State 	29 	18 	11 	.621 	-11.91 	-11.10 	12 	6 	13 	2 	5 	9 	2091 	2030 		68.2 	104.0 	.395 	.331 	.509 	49.7 	52.3 	9.5 	9.3 	.472 	14.9 	35.2 	.267
7 	Alabama 	31 	13 	18 	.419 	9.01 	9.17 	7 	11 	13 	7 	0 	11 	2114 	2082 		64.6 	104.3 	.439 	.326 	.540 	48.6 	47.4 	10.4 	12.5 	.501 	16.1 	30.5 	.303
8 	Albany (NY) 	31 	17 	14 	.548 	-3.94 	-5.91 	9 	7 	11 	3 	6 	11 	2044 	1983 		63.0 	103.4 	.427 	.265 	.537 	52.4 	49.6 	8.5 	8.3 	.487 	17.3 	32.7 	.317
9 	Alcorn State 	30 	12 	18 	.400 	-15.03 	-8.59 	9 	9 	10 	5 	2 	13 	1934 	2037 		65.0 	97.2 	.429 	.273 	.502 	47.3 	40.7 	8.8 	9.5 	.464 	15.6 	28.8 	.281
10 	American 	31 	19 	12 	.613 	1.19 	-3.69 	13 	5 	11 	3 	8 	9 	1991 	1840 		60.9 	105.0 	.346 	.359 	.587 	50.7 	65.9 	10.1 	11.5 	.561 	20.4 	27.3 	.245
11 	Appalachian State 	30 	9 	21 	.300 	-15.19 	-7.00 	5 	11 	7 	8 	2 	13 	2034 	2152 		67.4 	99.8 	.403 	.289 	.493 	50.6 	45.5 	9.2 	6.7 	.459 	15.1 	34.0 	.257
12 	Arizona State 	31 	21 	10 	.677 	14.88 	7.85 	10 	8 	17 	3 	4 	7 	2343 	2125 		69.1 	107.3 	.424 	.373 	.558 	48.5 	56.0 	7.5 	16.5 	.524 	14.7 	24.7 	.293
13 	Arizona 	31 	28 	3 	.903 	23.77 	8.96 	15 	3 	20 	0 	8 	3 	2279 	1820 		64.8 	112.0 	.429 	.257 	.543 	56.0 	57.5 	8.9 	10.3 	.512 	13.7 	37.7 	.283
14 	Arkansas-Little Rock 	30 	14 	16 	.467 	-5.48 	-0.48 	9 	9 	8 	7 	6 	9 	2100 	2194 		68.7 	100.2 	.414 	.276 	.518 	50.6 	48.1 	8.6 	9.6 	.469 	16.6 	31.0 	.302
15 	Arkansas-Pine Bluff 	30 	13 	17 	.433 	-14.15 	-6.04 	11 	7 	7 	5 	6 	12 	1907 	2119 		68.0 	93.5 	.424 	.351 	.511 	47.0 	52.5 	14.0 	7.1 	.475 	20.1 	29.1 	.279
16 	Arkansas State 	30 	18 	12 	.600 	0.89 	-2.93 	10 	8 	11 	4 	7 	8 	2271 	2113 		69.1 	108.2 	.424 	.412 	.568 	48.7 	53.3 	9.8 	8.0 	.527 	15.7 	26.6 	.311
17 	Arkansas 	31 	21 	10 	.677 	15.11 	5.72 	10 	8 	18 	4 	3 	6 	2499 	2208 		72.6 	109.7 	.409 	.337 	.548 	47.5 	56.7 	11.8 	13.7 	.507 	13.9 	31.8 	.296
18 	Army 	31 	15 	16 	.484 	-5.69 	-4.19 	10 	8 	8 	7 	7 	9 	2244 	2269 		68.1 	105.4 	.322 	.386 	.540 	48.9 	54.4 	8.8 	11.9 	.509 	16.3 	32.1 	.225
19 	Auburn 	29 	14 	15 	.483 	5.76 	5.52 	6 	12 	12 	7 	2 	8 	2088 	2081 		67.8 	106.0 	.438 	.334 	.536 	49.6 	48.5 	9.1 	11.6 	.490 	15.3 	32.0 	.314
20 	Austin Peay 	30 	12 	18 	.400 	-10.62 	-5.90 	6 	10 	9 	7 	3 	11 	2287 	2368 		71.9 	104.8 	.493 	.281 	.568 	48.7 	55.7 	9.4 	13.3 	.537 	19.2 	30.2 	.328
21 	Ball State 	30 	5 	25 	.167 	-9.44 	1.38 	2 	16 	5 	9 	0 	16 	1967 	2214 		67.0 	95.9 	.424 	.390 	.511 	52.7 	57.6 	6.6 	7.2 	.468 	21.0 	35.6 	.293
22 	Baylor 	31 	21 	10 	.677 	15.44 	10.03 	9 	9 	16 	5 	5 	5 	2327 	2109 		64.5 	114.6 	.441 	.347 	.552 	55.2 	59.4 	8.0 	15.1 	.521 	15.3 	41.7 	.293
23 	Belmont 	33 	24 	9 	.727 	2.46 	-2.55 	14 	2 	15 	2 	9 	7 	2646 	2452 		69.6 	115.2 	.414 	.412 	.617 	48.4 	57.5 	9.7 	7.5 	.587 	16.7 	27.8 	.303
24 	Bethune-Cookman 	31 	7 	24 	.226 	-16.60 	-7.19 	5 	11 	5 	6 	2 	18 	1964 	2177 		63.3 	99.2 	.364 	.353 	.506 	47.3 	45.6 	9.8 	7.2 	.463 	17.2 	33.1 	.260
25 	Binghamton 	30 	7 	23 	.233 	-15.91 	-5.91 	4 	12 	3 	11 	4 	12 	1840 	2140 		65.6 	92.3 	.442 	.366 	.489 	47.5 	47.7 	9.2 	6.1 	.439 	18.7 	29.1 	.306
26 	Boise State 	31 	19 	12 	.613 	8.66 	4.59 	9 	9 	14 	5 	5 	7 	2366 	2163 		65.8 	114.1 	.365 	.361 	.564 	53.8 	45.0 	9.0 	5.3 	.525 	13.0 	33.5 	.272
27 	Boston College 	31 	8 	23 	.258 	3.36 	9.06 	4 	14 	5 	12 	3 	11 	2127 	2281 		62.7 	107.6 	.431 	.439 	.568 	47.3 	55.7 	6.6 	9.9 	.524 	15.9 	27.7 	.319
28 	Boston University 	33 	24 	9 	.727 	2.55 	-2.57 	15 	3 	13 	5 	11 	4 	2394 	2225 		66.3 	107.8 	.306 	.392 	.558 	49.5 	54.4 	10.5 	5.4 	.529 	15.6 	28.7 	.221
29 	Bowling Green State 	32 	12 	20 	.375 	-2.80 	0.46 	6 	12 	8 	9 	4 	11 	2007 	2055 		67.0 	92.9 	.361 	.239 	.491 	49.8 	52.1 	11.4 	13.3 	.460 	18.8 	30.1 	.230
30 	Bradley 	32 	12 	20 	.375 	-2.34 	0.07 	7 	11 	11 	9 	1 	11 	2036 	2113 		63.9 	99.7 	.365 	.278 	.504 	50.0 	42.4 	11.1 	6.8 	.464 	16.1 	32.3 	.256
31 	Brigham Young 	33 	23 	10 	.697 	12.85 	5.63 	13 	5 	18 	3 	5 	7 	2799 	2544 		73.7 	113.0 	.484 	.226 	.551 	53.4 	54.0 	9.7 	6.3 	.511 	12.9 	34.9 	.333
32 	Brown 	28 	15 	13 	.536 	-1.09 	-3.90 	7 	7 	8 	5 	7 	8 	2000 	1883 		69.4 	102.0 	.362 	.305 	.523 	51.8 	53.3 	8.1 	11.8 	.491 	16.1 	30.1 	.243
33 	Bryant 	32 	18 	14 	.563 	-3.92 	-4.57 	10 	6 	11 	5 	7 	9 	2351 	2304 		67.9 	107.4 	.374 	.337 	.558 	48.5 	50.0 	9.5 	7.8 	.526 	16.0 	28.8 	.263
34 	Bucknell 	30 	16 	14 	.533 	-0.82 	-2.66 	11 	7 	8 	6 	8 	8 	1977 	1922 		63.7 	103.5 	.317 	.309 	.528 	52.8 	51.1 	7.2 	4.4 	.489 	14.8 	29.0 	.237
35 	Buffalo 	28 	19 	9 	.679 	4.41 	-1.70 	13 	5 	13 	3 	6 	6 	2068 	1883 		67.9 	108.3 	.423 	.337 	.547 	52.0 	59.5 	10.1 	12.4 	.506 	15.9 	35.0 	.302
36 	Butler 	30 	14 	16 	.467 	8.04 	7.94 	4 	14 	10 	9 	4 	7 	2075 	2013 		64.1 	104.8 	.376 	.322 	.516 	50.4 	45.4 	9.1 	7.1 	.483 	13.0 	30.8 	.250
37 	Cal Poly 	29 	10 	19 	.345 	-2.13 	2.24 	6 	10 	7 	7 	3 	12 	1832 	1875 		61.3 	103.1 	.322 	.354 	.500 	49.1 	53.0 	9.9 	7.9 	.466 	12.9 	32.1 	.222
38 	Cal State Bakersfield 	30 	12 	18 	.400 	-4.59 	-3.97 	5 	11 	7 	8 	5 	10 	2084 	2059 		66.2 	104.0 	.379 	.322 	.536 	51.4 	51.4 	9.9 	9.6 	.503 	17.8 	34.4 	.258
39 	Cal State Fullerton 	30 	11 	19 	.367 	-4.40 	-0.63 	6 	10 	8 	7 	3 	12 	2036 	2149 		66.9 	101.0 	.387 	.330 	.516 	49.1 	46.5 	6.9 	4.8 	.483 	15.6 	29.1 	.256
40 	Cal State Northridge 	32 	15 	17 	.469 	-5.10 	-3.13 	7 	9 	12 	3 	3 	14 	2461 	2490 		69.0 	108.3 	.497 	.207 	.558 	51.5 	53.8 	10.3 	6.4 	.495 	15.9 	33.1 	.390
41 	California-Davis 	31 	9 	22 	.290 	-10.90 	-1.11 	4 	12 	8 	9 	1 	13 	2174 	2408 		66.6 	102.7 	.371 	.404 	.543 	43.9 	49.9 	7.5 	6.9 	.510 	15.9 	24.4 	.258
42 	California-Irvine 	32 	22 	10 	.688 	5.14 	-0.26 	13 	3 	12 	4 	10 	6 	2293 	2059 		66.2 	107.0 	.373 	.287 	.547 	52.7 	60.3 	8.5 	16.2 	.526 	16.3 	31.8 	.238
43 	California-Riverside 	30 	10 	20 	.333 	-6.76 	-1.98 	5 	11 	8 	7 	2 	13 	2074 	2151 		67.8 	100.3 	.419 	.268 	.521 	49.3 	47.0 	9.4 	10.9 	.478 	16.8 	29.4 	.295
44 	California-Santa Barbara 	29 	21 	8 	.724 	6.18 	0.52 	12 	4 	12 	3 	9 	5 	2099 	1891 		63.4 	112.6 	.428 	.346 	.572 	51.9 	65.3 	7.9 	14.0 	.536 	15.1 	32.3 	.305
45 	California 	31 	19 	12 	.613 	11.08 	8.02 	10 	8 	13 	6 	6 	6 	2260 	2165 		66.8 	107.7 	.370 	.280 	.533 	51.0 	57.7 	7.9 	10.9 	.501 	13.1 	30.7 	.252
46 	Campbell 	32 	12 	20 	.375 	-14.15 	-7.44 	6 	10 	9 	8 	3 	12 	2164 	2291 		64.0 	104.4 	.291 	.455 	.544 	48.3 	58.9 	9.3 	14.7 	.521 	17.8 	31.9 	.197
47 	Canisius 	33 	21 	12 	.636 	1.83 	-1.80 	14 	6 	12 	5 	9 	7 	2561 	2459 		67.6 	112.3 	.387 	.354 	.564 	48.0 	46.8 	10.0 	10.0 	.525 	14.6 	32.7 	.286
48 	Central Arkansas 	29 	8 	21 	.276 	-15.78 	-5.08 	5 	13 	7 	8 	1 	13 	2165 	2360 		74.3 	99.8 	.378 	.296 	.521 	45.4 	46.8 	11.4 	11.1 	.501 	17.0 	28.8 	.227
49 	Central Connecticut State 	30 	11 	19 	.367 	-12.85 	-5.82 	7 	9 	5 	9 	6 	10 	2117 	2318 		70.8 	98.9 	.300 	.281 	.516 	46.6 	50.1 	9.7 	11.3 	.482 	17.1 	28.9 	.215
50 	Central Florida 	29 	12 	17 	.414 	2.09 	5.12 	4 	14 	10 	7 	2 	10 	2101 	2130 		68.1 	105.4 	.381 	.351 	.522 	52.1 	49.6 	10.0 	10.7 	.499 	16.6 	37.7 	.234
51 	Central Michigan 	31 	10 	21 	.323 	-8.23 	-2.13 	3 	15 	8 	8 	2 	13 	2246 	2288 		65.8 	108.3 	.371 	.440 	.540 	47.9 	48.4 	11.2 	3.6 	.504 	13.9 	30.1 	.263
52 	Charleston Southern 	31 	13 	18 	.419 	-5.30 	-5.78 	6 	10 	8 	6 	5 	12 	2523 	2242 		68.6 	116.3 	.367 	.421 	.573 	51.9 	49.4 	9.3 	8.1 	.538 	13.3 	32.6 	.268
53 	Charlotte 	29 	16 	13 	.552 	-0.49 	-0.66 	7 	9 	13 	5 	3 	8 	2070 	2065 		69.4 	101.9 	.388 	.291 	.527 	52.5 	54.1 	8.9 	6.4 	.497 	18.1 	34.4 	.255
54 	Chattanooga 	32 	18 	14 	.563 	-10.40 	-7.81 	12 	4 	13 	4 	5 	10 	2423 	2360 		70.5 	106.6 	.456 	.335 	.538 	51.3 	46.7 	10.1 	13.0 	.493 	16.2 	35.3 	.322
55 	Chicago State 	31 	13 	18 	.419 	-10.02 	-1.91 	8 	8 	9 	5 	4 	13 	2170 	2371 		69.7 	98.5 	.346 	.344 	.511 	43.9 	45.3 	12.3 	6.8 	.478 	15.3 	26.8 	.233
56 	Cincinnati 	31 	26 	5 	.839 	15.95 	4.91 	15 	3 	19 	2 	7 	3 	2151 	1809 		63.9 	108.6 	.395 	.315 	.524 	53.4 	53.6 	12.5 	14.3 	.480 	14.5 	39.2 	.283
57 	Citadel 	33 	7 	26 	.212 	-17.47 	-6.61 	2 	14 	7 	10 	0 	16 	2211 	2453 		66.5 	100.0 	.368 	.327 	.529 	47.5 	57.9 	6.2 	7.9 	.489 	16.6 	26.7 	.266
58 	Clemson 	30 	19 	11 	.633 	11.07 	5.44 	10 	8 	15 	4 	4 	7 	1896 	1727 		59.8 	103.4 	.363 	.325 	.512 	52.0 	47.0 	7.9 	16.4 	.467 	15.3 	34.9 	.266
59 	Cleveland State 	32 	21 	11 	.656 	4.92 	-0.21 	12 	4 	12 	4 	9 	7 	2348 	2122 		64.6 	111.9 	.376 	.333 	.577 	51.5 	55.8 	9.2 	9.6 	.539 	16.7 	33.5 	.282
60 	Coastal Carolina 	33 	21 	12 	.636 	-5.64 	-7.14 	11 	5 	15 	5 	6 	7 	2399 	2256 		68.9 	104.3 	.388 	.317 	.528 	53.3 	41.5 	9.2 	7.2 	.491 	17.2 	35.6 	.269
61 	Colgate 	31 	13 	18 	.419 	-2.11 	-3.68 	6 	12 	7 	8 	6 	10 	2158 	2083 		62.8 	109.0 	.283 	.405 	.586 	49.1 	56.1 	7.2 	7.3 	.564 	16.3 	23.9 	.202
62 	College of Charleston 	32 	14 	18 	.438 	-1.70 	-1.57 	6 	10 	9 	9 	5 	9 	2016 	2006 		62.2 	99.8 	.345 	.357 	.504 	53.9 	45.7 	7.4 	11.9 	.473 	17.1 	35.1 	.226
63 	Colorado State 	31 	16 	15 	.516 	3.92 	2.61 	7 	11 	14 	6 	2 	9 	2278 	2157 		65.8 	111.7 	.495 	.291 	.531 	53.5 	53.0 	7.6 	7.8 	.476 	12.0 	35.0 	.360
64 	Colorado 	31 	21 	10 	.677 	12.58 	8.93 	10 	8 	16 	3 	5 	7 	2248 	2135 		67.9 	105.5 	.502 	.308 	.542 	54.8 	50.0 	9.2 	9.5 	.490 	16.8 	34.7 	.362
65 	Columbia 	31 	19 	12 	.613 	2.44 	-1.69 	8 	6 	15 	4 	4 	8 	2117 	1967 		62.2 	107.6 	.440 	.426 	.576 	52.4 	54.7 	8.0 	10.4 	.527 	17.3 	28.3 	.339
66 	Connecticut 	31 	24 	7 	.774 	15.62 	6.40 	12 	6 	17 	3 	7 	4 	2252 	1966 		66.3 	109.2 	.393 	.338 	.557 	50.3 	51.2 	10.8 	16.8 	.511 	15.0 	31.3 	.300
67 	Coppin State 	29 	10 	19 	.345 	-10.84 	-4.16 	7 	9 	5 	9 	5 	10 	2009 	2179 		68.1 	101.3 	.395 	.395 	.504 	46.2 	51.5 	8.7 	6.0 	.453 	14.7 	30.5 	.292
68 	Cornell 	28 	2 	26 	.071 	-15.36 	0.27 	1 	13 	2 	11 	0 	15 	1795 	2195 		65.2 	97.4 	.283 	.380 	.498 	46.5 	46.0 	6.4 	7.9 	.471 	15.9 	28.5 	.188
69 	Creighton 	30 	24 	6 	.800 	20.31 	7.75 	14 	4 	16 	2 	8 	4 	2397 	2020 		66.1 	120.8 	.347 	.441 	.617 	52.2 	65.1 	6.5 	4.6 	.589 	13.5 	27.8 	.260
70 	Dartmouth 	28 	12 	16 	.429 	-4.49 	-2.88 	5 	9 	8 	7 	4 	9 	1905 	1864 		64.4 	105.1 	.370 	.303 	.534 	51.6 	52.3 	9.2 	8.1 	.501 	16.0 	31.9 	.254
71 	Davidson 	32 	20 	12 	.625 	0.98 	-3.95 	15 	1 	10 	8 	10 	4 	2514 	2319 		67.9 	113.9 	.399 	.385 	.584 	50.1 	50.3 	7.9 	5.2 	.552 	14.7 	29.1 	.284
72 	Dayton 	31 	22 	9 	.710 	9.99 	4.19 	10 	6 	14 	4 	8 	5 	2268 	2088 		65.6 	110.7 	.413 	.313 	.554 	53.3 	51.1 	8.9 	7.3 	.521 	15.8 	35.9 	.285
73 	Delaware State 	29 	9 	20 	.310 	-12.26 	-5.63 	5 	11 	7 	8 	2 	12 	1786 	1881 		60.9 	99.8 	.370 	.321 	.512 	47.9 	57.2 	8.3 	10.0 	.475 	16.5 	30.2 	.254
74 	Delaware 	34 	25 	9 	.735 	3.05 	-1.33 	14 	2 	13 	2 	12 	7 	2704 	2555 		70.8 	111.8 	.432 	.344 	.547 	48.4 	40.4 	8.4 	9.1 	.506 	11.8 	29.5 	.306
75 	Denver 	31 	16 	15 	.516 	1.43 	0.16 	8 	6 	10 	7 	6 	8 	2044 	1999 		59.2 	109.6 	.339 	.426 	.574 	45.4 	65.5 	11.6 	11.6 	.546 	14.8 	24.8 	.240
76 	DePaul 	31 	11 	20 	.355 	2.12 	7.90 	3 	15 	8 	11 	3 	9 	2168 	2347 		67.9 	101.4 	.420 	.309 	.517 	50.0 	46.6 	9.8 	11.3 	.477 	17.1 	33.8 	.286
77 	Detroit Mercy 	32 	13 	19 	.406 	-2.89 	0.11 	6 	10 	8 	7 	5 	12 	2275 	2267 		68.0 	102.6 	.389 	.319 	.515 	51.4 	47.6 	10.6 	11.5 	.469 	15.8 	34.1 	.283
78 	Drake 	31 	15 	16 	.484 	-0.43 	1.37 	6 	12 	10 	7 	5 	9 	2116 	2115 		64.4 	105.5 	.384 	.379 	.562 	50.8 	54.9 	8.5 	6.8 	.527 	16.6 	27.2 	.274
79 	Drexel 	30 	16 	14 	.533 	1.54 	0.08 	8 	8 	9 	5 	7 	9 	2064 	2020 		63.4 	104.6 	.392 	.288 	.510 	49.5 	49.2 	6.9 	9.6 	.466 	11.3 	28.9 	.278
80 	Duke 	31 	24 	7 	.774 	21.18 	8.50 	13 	5 	19 	1 	5 	6 	2473 	2080 		66.2 	120.1 	.401 	.402 	.580 	51.4 	55.1 	10.7 	9.3 	.544 	12.6 	34.7 	.293
81 	Duquesne 	29 	13 	16 	.448 	1.25 	1.22 	5 	11 	6 	10 	7 	6 	2136 	2135 		68.3 	107.8 	.434 	.352 	.542 	50.2 	61.0 	8.5 	7.6 	.508 	14.2 	29.9 	.291
82 	East Carolina 	31 	16 	15 	.516 	-3.39 	-2.28 	5 	11 	13 	6 	3 	9 	2271 	2185 		66.7 	109.9 	.440 	.423 	.559 	49.0 	57.7 	9.6 	10.3 	.519 	15.1 	31.0 	.314
83 	East Tennessee State 	33 	18 	15 	.545 	-6.21 	-6.15 	10 	8 	13 	5 	5 	10 	2533 	2514 		71.3 	106.8 	.437 	.376 	.548 	47.8 	49.2 	10.7 	8.2 	.499 	14.7 	28.2 	.327
84 	Eastern Illinois 	30 	11 	19 	.367 	-11.60 	-4.28 	7 	9 	7 	8 	4 	11 	2030 	2206 		66.4 	101.9 	.413 	.298 	.531 	49.6 	51.1 	8.6 	12.8 	.487 	17.4 	31.6 	.295
85 	Eastern Kentucky 	33 	24 	9 	.727 	0.07 	-5.38 	11 	5 	15 	3 	9 	6 	2608 	2331 		67.6 	116.5 	.446 	.443 	.614 	44.8 	56.3 	13.0 	6.8 	.576 	14.4 	23.7 	.335
86 	Eastern Michigan 	32 	19 	13 	.594 	3.29 	1.50 	10 	8 	15 	3 	4 	10 	2143 	1976 		66.0 	100.2 	.448 	.294 	.505 	48.4 	48.4 	12.6 	15.5 	.461 	15.8 	32.6 	.302
87 	Eastern Washington 	31 	15 	16 	.484 	-4.72 	-3.55 	10 	10 	11 	4 	4 	12 	2362 	2329 		69.5 	109.1 	.391 	.378 	.556 	51.0 	51.3 	6.8 	11.9 	.524 	15.1 	30.2 	.271
88 	Elon 	32 	18 	14 	.563 	-3.69 	-4.17 	11 	5 	11 	5 	7 	9 	2392 	2281 		67.9 	109.3 	.357 	.382 	.572 	49.4 	52.8 	7.4 	8.4 	.539 	15.7 	27.8 	.258
89 	Evansville 	33 	14 	19 	.424 	-2.82 	1.50 	6 	12 	10 	8 	4 	11 	2290 	2383 		66.8 	103.2 	.496 	.238 	.554 	48.4 	62.6 	7.5 	9.7 	.507 	17.2 	26.8 	.356
90 	Fairfield 	32 	7 	25 	.219 	-7.36 	-0.79 	4 	16 	5 	12 	2 	13 	2030 	2240 		66.9 	94.4 	.346 	.376 	.497 	50.0 	51.6 	6.6 	10.7 	.460 	18.8 	30.5 	.237
91 	Fairleigh Dickinson 	31 	10 	21 	.323 	-10.83 	-3.66 	6 	10 	6 	7 	4 	14 	2157 	2358 		67.0 	103.0 	.352 	.360 	.523 	45.4 	45.7 	10.0 	10.8 	.484 	15.1 	30.0 	.253
92 	Florida A&M 	30 	13 	17 	.433 	-11.92 	-7.17 	8 	8 	10 	3 	3 	14 	2148 	2228 		72.1 	98.5 	.339 	.313 	.487 	49.7 	45.2 	10.0 	9.7 	.454 	16.8 	36.4 	.222
93 	Florida Atlantic 	31 	10 	21 	.323 	-4.65 	0.07 	5 	11 	7 	10 	3 	11 	2061 	2129 		65.6 	101.3 	.364 	.356 	.512 	51.0 	51.4 	7.3 	13.2 	.484 	16.8 	34.7 	.234
94 	Florida Gulf Coast 	34 	22 	12 	.647 	-2.29 	-6.36 	14 	4 	16 	3 	6 	9 	2451 	2281 		68.3 	104.9 	.367 	.309 	.548 	52.1 	49.0 	8.3 	9.4 	.520 	16.6 	29.9 	.247
95 	Florida International 	31 	15 	16 	.484 	-5.20 	-1.38 	7 	9 	10 	7 	5 	9 	2128 	2170 		67.2 	101.4 	.415 	.286 	.529 	51.1 	44.6 	10.5 	10.8 	.494 	18.0 	33.8 	.278
96 	Florida State 	30 	18 	12 	.600 	13.15 	7.92 	9 	9 	12 	6 	6 	6 	2135 	1978 		66.2 	107.0 	.447 	.270 	.559 	50.4 	45.2 	9.0 	14.4 	.516 	18.0 	34.4 	.324
97 	Florida 	31 	29 	2 	.935 	20.54 	7.51 	18 	0 	19 	0 	10 	2 	2216 	1812 		63.5 	112.5 	.441 	.354 	.558 	53.9 	55.1 	11.1 	8.6 	.526 	15.1 	36.6 	.296
98 	Fordham 	29 	9 	20 	.310 	-3.16 	3.22 	2 	14 	7 	8 	2 	12 	2080 	2265 		69.3 	103.0 	.330 	.369 	.496 	48.7 	49.5 	9.9 	10.2 	.453 	13.9 	35.0 	.243
99 	Fresno State 	31 	16 	15 	.516 	4.23 	4.82 	9 	9 	11 	5 	5 	10 	2281 	2204 		66.1 	108.7 	.385 	.380 	.548 	48.3 	49.4 	9.6 	12.2 	.508 	12.9 	27.0 	.280
100 	Furman 	30 	9 	21 	.300 	-17.27 	-7.23 	3 	13 	6 	9 	3 	12 	1955 	2196 		65.5 	99.1 	.411 	.319 	.531 	47.5 	42.4 	7.5 	8.1 	.495 	18.3 	27.9 	.280
101 	Gardner-Webb 	33 	18 	15 	.545 	-7.30 	-6.87 	10 	6 	11 	6 	7 	9 	2425 	2309 		67.3 	106.0 	.426 	.272 	.532 	51.1 	58.7 	11.0 	7.5 	.494 	15.3 	33.7 	.292
102 	George Mason 	30 	11 	19 	.367 	2.72 	5.26 	5 	12 	7 	11 	4 	8 	2087 	2163 		67.8 	101.3 	.407 	.253 	.528 	50.9 	45.0 	7.8 	8.4 	.486 	17.4 	31.4 	.289
103 	George Washington 	30 	23 	7 	.767 	11.35 	4.01 	11 	5 	16 	2 	7 	5 	2209 	1989 		68.0 	107.9 	.471 	.284 	.547 	52.9 	55.2 	10.2 	10.8 	.515 	16.2 	35.2 	.309
104 	Georgetown 	30 	17 	13 	.567 	12.13 	9.06 	8 	10 	15 	5 	2 	8 	2121 	2029 		65.1 	107.7 	.446 	.307 	.555 	50.4 	54.5 	9.0 	12.2 	.512 	15.9 	31.4 	.319
105 	Georgia Southern 	34 	15 	19 	.441 	-11.21 	-8.37 	6 	10 	8 	8 	7 	11 	2406 	2395 		67.1 	104.2 	.379 	.372 	.529 	49.9 	38.9 	10.1 	4.6 	.499 	15.3 	30.4 	.251
106 	Georgia State 	31 	24 	7 	.774 	6.13 	-2.87 	17 	1 	14 	0 	10 	7 	2422 	2125 		66.2 	116.6 	.402 	.351 	.582 	46.7 	50.4 	11.8 	13.3 	.538 	11.2 	25.8 	.310
107 	Georgia Tech 	31 	15 	16 	.484 	5.39 	5.48 	6 	12 	10 	9 	5 	7 	2062 	2065 		65.1 	101.8 	.340 	.298 	.515 	51.9 	55.4 	8.0 	10.8 	.481 	16.0 	32.4 	.233
108 	Georgia 	30 	18 	12 	.600 	8.18 	5.41 	12 	6 	14 	4 	4 	8 	2076 	1993 		65.2 	105.4 	.527 	.271 	.534 	53.5 	45.6 	7.4 	12.6 	.490 	16.8 	35.6 	.355
109 	Gonzaga 	33 	27 	6 	.818 	16.04 	4.76 	15 	3 	18 	1 	9 	5 	2540 	2147 		67.7 	115.5 	.391 	.329 	.591 	52.6 	53.7 	10.0 	10.9 	.562 	14.9 	31.3 	.279
110 	Grambling 	27 	4 	23 	.148 	-24.51 	-8.35 	3 	15 	3 	8 	1 	15 	1765 	2162 		68.8 	95.0 	.400 	.361 	.507 	46.3 	46.6 	8.8 	5.9 	.472 	19.0 	30.5 	.262
111 	Grand Canyon 	29 	15 	14 	.517 	-6.19 	-3.27 	10 	6 	10 	5 	5 	9 	2096 	2083 		67.9 	106.1 	.538 	.376 	.555 	50.9 	56.6 	6.0 	8.6 	.497 	16.4 	28.6 	.399
112 	Green Bay 	30 	24 	6 	.800 	8.15 	0.26 	14 	2 	15 	4 	9 	2 	2239 	1919 		67.6 	109.5 	.436 	.246 	.556 	52.4 	58.7 	10.5 	17.5 	.517 	15.8 	34.1 	.308
113 	Hampton 	29 	18 	11 	.621 	-4.86 	-8.14 	13 	4 	9 	5 	9 	6 	2120 	2025 		71.0 	99.9 	.516 	.296 	.513 	49.5 	50.1 	10.6 	15.3 	.470 	17.5 	33.4 	.337
114 	Hartford 	33 	17 	16 	.515 	-6.40 	-5.95 	10 	6 	9 	7 	8 	9 	2162 	2177 		63.7 	102.5 	.389 	.442 	.573 	46.4 	55.0 	8.8 	7.6 	.542 	19.7 	24.0 	.273
115 	Harvard 	30 	26 	4 	.867 	10.82 	-1.32 	13 	1 	13 	1 	13 	3 	2209 	1815 		64.6 	112.1 	.472 	.279 	.566 	52.3 	58.0 	11.9 	13.0 	.521 	15.1 	33.1 	.343
116 	Hawaii 	30 	20 	10 	.667 	4.39 	-1.00 	9 	7 	14 	6 	6 	4 	2395 	2183 		69.4 	114.1 	.430 	.286 	.562 	53.5 	50.2 	8.8 	8.5 	.521 	14.4 	38.0 	.310
117 	High Point 	30 	16 	14 	.533 	-8.74 	-5.88 	12 	4 	10 	4 	6 	10 	2122 	2165 		65.5 	107.6 	.325 	.279 	.559 	49.3 	56.2 	9.2 	9.0 	.526 	16.1 	30.5 	.239
118 	Hofstra 	33 	10 	23 	.303 	-6.36 	-1.69 	5 	11 	8 	8 	2 	15 	2260 	2414 		65.3 	104.4 	.451 	.383 	.521 	51.9 	47.3 	7.3 	9.6 	.484 	15.9 	35.5 	.297
119 	Holy Cross 	32 	19 	13 	.594 	-1.17 	-3.04 	12 	6 	9 	4 	10 	9 	2143 	2083 		63.8 	104.2 	.408 	.342 	.534 	51.4 	50.0 	9.3 	11.0 	.490 	15.9 	30.8 	.296
120 	Houston Baptist 	31 	6 	25 	.194 	-16.94 	-4.94 	2 	16 	5 	10 	1 	15 	2091 	2373 		70.2 	95.3 	.389 	.263 	.509 	49.1 	52.2 	7.2 	5.2 	.471 	19.3 	30.9 	.265
121 	Houston 	31 	16 	15 	.516 	2.77 	4.03 	8 	10 	13 	6 	3 	9 	2212 	2251 		67.1 	106.0 	.391 	.315 	.546 	48.9 	58.4 	8.2 	14.7 	.516 	16.3 	31.0 	.263
122 	Howard 	31 	7 	24 	.226 	-15.96 	-4.99 	5 	11 	4 	7 	3 	17 	1921 	2205 		67.2 	91.1 	.480 	.308 	.490 	48.0 	41.1 	9.2 	11.0 	.439 	21.1 	32.9 	.326
123 	Idaho State 	29 	11 	18 	.379 	-5.66 	-3.95 	8 	12 	9 	4 	2 	14 	2054 	2036 		64.5 	108.4 	.453 	.293 	.546 	52.3 	49.3 	11.1 	7.1 	.502 	16.2 	35.7 	.323
124 	Idaho 	31 	14 	17 	.452 	-5.88 	-3.38 	7 	9 	9 	6 	5 	11 	2259 	2320 		67.2 	107.1 	.441 	.325 	.542 	50.5 	45.9 	6.2 	5.0 	.506 	15.0 	32.2 	.300
125 	Illinois-Chicago 	31 	6 	25 	.194 	-6.79 	1.00 	1 	15 	4 	13 	2 	12 	2071 	2248 		66.5 	100.4 	.389 	.310 	.515 	50.4 	48.5 	8.3 	4.7 	.472 	16.3 	30.8 	.278
126 	Illinois State 	31 	16 	15 	.516 	1.17 	2.10 	9 	9 	13 	5 	3 	10 	2135 	2146 		67.9 	100.3 	.407 	.420 	.520 	47.9 	53.8 	11.5 	14.3 	.477 	16.0 	27.0 	.288
127 	Illinois 	31 	18 	13 	.581 	10.50 	8.57 	7 	11 	12 	7 	6 	6 	2006 	1946 		63.2 	102.0 	.318 	.341 	.502 	50.2 	44.3 	9.7 	10.1 	.463 	14.2 	31.9 	.230
128 	Incarnate Word 	27 	21 	6 	.778 	-8.09 	-10.35 	9 	5 	14 	1 	7 	5 	2216 	1935 		73.5 	111.2 	.435 	.330 	.581 	52.9 	55.3 	8.9 	10.9 	.552 	16.9 	32.2 	.298
129 	Indiana State 	33 	23 	10 	.697 	3.79 	0.98 	12 	6 	14 	4 	9 	6 	2345 	2237 		66.1 	107.5 	.440 	.350 	.557 	50.7 	54.2 	8.8 	10.3 	.515 	15.1 	27.4 	.317
130 	Indiana 	31 	17 	14 	.548 	12.09 	6.93 	7 	11 	15 	5 	2 	9 	2258 	2098 		68.9 	105.3 	.458 	.292 	.548 	55.6 	46.3 	8.7 	11.2 	.501 	18.7 	37.3 	.334
131 	Iona 	32 	22 	10 	.688 	5.85 	-0.43 	17 	3 	12 	3 	10 	7 	2672 	2471 		70.9 	117.3 	.383 	.444 	.601 	46.5 	60.8 	9.3 	11.3 	.574 	13.3 	26.2 	.272
132 	Iowa State 	30 	23 	7 	.767 	18.80 	9.80 	11 	7 	16 	1 	7 	6 	2476 	2206 		72.1 	112.2 	.371 	.389 	.562 	50.6 	63.8 	8.2 	8.0 	.533 	12.6 	27.7 	.256
133 	Iowa 	31 	20 	11 	.645 	20.22 	7.76 	9 	9 	15 	5 	5 	6 	2562 	2176 		70.6 	115.8 	.464 	.271 	.563 	55.0 	57.7 	10.2 	11.6 	.518 	13.7 	37.9 	.339
134 	IPFW 	33 	24 	9 	.727 	0.46 	-3.84 	10 	4 	16 	2 	8 	7 	2525 	2298 		67.1 	113.5 	.417 	.371 	.586 	52.8 	54.2 	10.4 	7.3 	.564 	16.3 	33.2 	.277
135 	IUPUI 	32 	6 	26 	.188 	-13.83 	-0.86 	1 	13 	5 	10 	1 	16 	2126 	2383 		66.9 	99.1 	.319 	.252 	.517 	46.7 	42.6 	7.5 	7.3 	.478 	14.8 	24.3 	.237
136 	Jackson State 	30 	11 	19 	.367 	-10.36 	-7.66 	7 	11 	6 	6 	5 	13 	1966 	2047 		67.7 	96.0 	.405 	.238 	.500 	51.4 	41.1 	8.8 	7.4 	.449 	18.9 	33.6 	.294
137 	Jacksonville State 	31 	10 	21 	.323 	-11.95 	-5.12 	4 	12 	7 	6 	3 	15 	2014 	2176 		63.7 	102.0 	.426 	.331 	.513 	47.6 	53.4 	9.9 	10.1 	.473 	15.3 	31.3 	.287
138 	Jacksonville 	30 	12 	18 	.400 	-11.87 	-4.87 	8 	10 	10 	5 	2 	13 	2231 	2385 		70.7 	105.2 	.433 	.320 	.535 	48.2 	52.0 	10.4 	8.9 	.492 	16.6 	32.8 	.307
139 	James Madison 	31 	11 	20 	.355 	-7.37 	-1.91 	6 	10 	6 	8 	5 	12 	1961 	2130 		64.7 	97.3 	.474 	.350 	.506 	49.0 	42.0 	9.0 	9.3 	.457 	16.5 	29.6 	.325
140 	Kansas State 	31 	20 	11 	.645 	12.88 	8.55 	10 	8 	17 	2 	3 	9 	2146 	2012 		65.5 	104.5 	.408 	.323 	.519 	51.2 	64.0 	9.3 	7.8 	.486 	15.7 	35.4 	.267
141 	Kansas 	31 	23 	8 	.742 	21.77 	11.90 	14 	4 	17 	2 	6 	6 	2467 	2161 		68.7 	115.3 	.490 	.293 	.585 	55.2 	55.9 	8.6 	14.8 	.548 	16.4 	37.5 	.346
142 	Kennesaw State 	31 	6 	25 	.194 	-16.10 	-4.00 	3 	15 	4 	11 	2 	14 	2016 	2304 		68.2 	95.3 	.375 	.334 	.511 	47.9 	48.6 	8.6 	8.5 	.480 	20.2 	31.7 	.243
143 	Kent State 	32 	16 	16 	.500 	-1.20 	-1.33 	7 	11 	11 	7 	5 	9 	2228 	2188 		66.6 	103.8 	.369 	.375 	.530 	49.3 	47.1 	9.3 	9.7 	.494 	15.8 	30.5 	.260
144 	Kentucky 	31 	22 	9 	.710 	17.42 	8.19 	12 	6 	17 	3 	5 	6 	2366 	2080 		67.2 	112.3 	.537 	.281 	.542 	56.7 	45.2 	7.1 	15.3 	.496 	15.2 	42.7 	.368
145 	La Salle 	30 	15 	15 	.500 	4.67 	5.00 	7 	9 	11 	7 	4 	8 	2028 	2038 		65.4 	101.6 	.389 	.310 	.505 	50.2 	53.9 	8.6 	8.9 	.460 	15.0 	33.0 	.276
146 	Lafayette 	31 	11 	20 	.355 	-7.16 	-2.89 	6 	12 	6 	7 	5 	13 	2212 	2315 		65.5 	108.0 	.339 	.349 	.574 	47.3 	51.2 	7.9 	6.1 	.540 	16.7 	27.6 	.252
147 	Lamar 	30 	4 	26 	.133 	-16.15 	-5.59 	3 	15 	3 	11 	1 	15 	2001 	2318 		69.4 	96.2 	.398 	.193 	.517 	46.8 	50.8 	7.7 	6.5 	.467 	18.0 	27.6 	.296
148 	Lehigh 	32 	14 	18 	.438 	-6.13 	-3.44 	7 	11 	10 	6 	4 	12 	2121 	2207 		65.5 	99.6 	.327 	.316 	.523 	47.6 	54.9 	7.5 	9.3 	.488 	16.0 	26.0 	.231
149 	Liberty 	32 	11 	21 	.344 	-10.30 	-7.51 	5 	11 	8 	9 	3 	12 	2250 	2234 		65.4 	107.4 	.349 	.282 	.542 	54.8 	51.8 	7.2 	8.6 	.509 	17.1 	37.9 	.246
150 	Lipscomb 	30 	15 	15 	.500 	-8.33 	-5.26 	10 	8 	7 	5 	8 	10 	2276 	2355 		71.0 	105.9 	.475 	.462 	.552 	46.9 	57.2 	9.4 	6.3 	.514 	15.6 	26.5 	.325
151 	Long Beach State 	30 	14 	16 	.467 	2.36 	3.89 	10 	6 	9 	6 	5 	10 	2093 	2117 		66.5 	103.6 	.308 	.319 	.507 	51.2 	48.4 	9.0 	6.0 	.479 	15.3 	36.2 	.204
152 	Long Island University 	29 	9 	20 	.310 	-13.33 	-5.23 	4 	12 	5 	7 	4 	13 	2080 	2315 		68.5 	104.2 	.378 	.382 	.533 	48.4 	57.6 	6.3 	6.5 	.494 	16.1 	31.0 	.271
153 	Longwood 	32 	8 	24 	.250 	-20.28 	-5.53 	3 	13 	5 	11 	3 	13 	2235 	2570 		69.7 	100.2 	.320 	.278 	.526 	45.5 	53.0 	9.7 	4.4 	.489 	16.2 	27.6 	.234
154 	Louisiana-Lafayette 	31 	20 	11 	.645 	3.13 	-0.59 	11 	7 	14 	2 	6 	9 	2523 	2319 		71.6 	111.4 	.446 	.319 	.558 	51.9 	47.8 	10.1 	10.0 	.525 	16.2 	37.2 	.302
155 	Louisiana-Monroe 	26 	10 	16 	.385 	-4.63 	0.69 	7 	11 	6 	6 	4 	10 	1673 	1783 		65.1 	97.0 	.367 	.304 	.506 	49.8 	54.0 	8.8 	9.5 	.478 	17.5 	30.4 	.232
156 	Louisiana State 	30 	18 	12 	.600 	10.54 	6.28 	9 	9 	14 	4 	4 	8 	2267 	2139 		70.8 	105.4 	.348 	.320 	.528 	52.4 	51.5 	11.0 	14.6 	.497 	16.4 	36.0 	.237
157 	Louisiana Tech 	31 	25 	6 	.806 	12.84 	-2.33 	13 	3 	15 	2 	10 	4 	2521 	2019 		72.1 	112.3 	.420 	.379 	.551 	52.1 	57.2 	13.1 	13.8 	.518 	13.7 	33.8 	.286
158 	Louisville 	31 	26 	5 	.839 	24.12 	4.15 	15 	3 	16 	3 	10 	2 	2535 	1916 		69.1 	118.3 	.408 	.358 	.566 	51.9 	54.3 	14.4 	12.3 	.542 	12.8 	37.0 	.267
159 	Loyola (IL) 	32 	10 	22 	.313 	-4.48 	-0.87 	4 	14 	9 	6 	1 	16 	2105 	2199 		63.2 	102.5 	.377 	.339 	.555 	48.7 	56.3 	8.6 	7.7 	.522 	18.5 	27.3 	.265
160 	Loyola Marymount 	32 	13 	19 	.406 	0.05 	4.57 	4 	14 	9 	8 	4 	11 	2345 	2468 		71.1 	104.2 	.362 	.250 	.522 	48.2 	48.2 	10.1 	8.2 	.474 	14.9 	33.1 	.276
161 	Loyola (MD) 	30 	11 	19 	.367 	-10.21 	-2.87 	6 	12 	7 	7 	4 	12 	1957 	2158 		65.5 	98.4 	.413 	.275 	.498 	46.2 	49.4 	11.9 	10.8 	.458 	15.5 	30.7 	.275
162 	Maine 	29 	6 	23 	.207 	-17.36 	-4.50 	4 	12 	5 	10 	1 	13 	2091 	2404 		74.2 	96.8 	.337 	.317 	.526 	45.2 	55.1 	10.2 	5.6 	.496 	18.2 	25.5 	.228
163 	Manhattan 	32 	25 	7 	.781 	5.72 	-1.66 	15 	5 	11 	3 	14 	4 	2476 	2240 		70.3 	107.5 	.559 	.313 	.548 	51.0 	52.4 	11.5 	15.9 	.508 	16.9 	34.8 	.370
164 	Marist 	31 	12 	19 	.387 	-4.92 	-1.24 	9 	11 	9 	7 	3 	12 	2119 	2233 		67.4 	99.8 	.403 	.334 	.512 	47.9 	48.2 	9.5 	10.6 	.466 	15.8 	29.7 	.288
165 	Marquette 	31 	17 	14 	.548 	11.01 	7.34 	9 	9 	12 	6 	5 	8 	2245 	2131 		66.4 	105.6 	.451 	.267 	.527 	52.2 	59.3 	9.4 	7.5 	.483 	14.9 	34.2 	.312
166 	Marshall 	31 	10 	21 	.323 	-3.80 	-0.87 	4 	12 	8 	9 	2 	12 	2264 	2243 		70.0 	103.5 	.429 	.337 	.516 	49.3 	48.9 	9.2 	9.8 	.487 	15.6 	33.1 	.268
167 	Maryland-Baltimore County 	30 	9 	21 	.300 	-13.89 	-6.23 	5 	11 	8 	5 	1 	16 	1968 	2185 		68.3 	93.6 	.419 	.342 	.492 	48.0 	53.1 	11.4 	7.7 	.453 	18.6 	30.1 	.274
168 	Maryland-Eastern Shore 	30 	6 	24 	.200 	-16.71 	-6.28 	4 	12 	5 	9 	1 	15 	1996 	2251 		66.9 	99.5 	.427 	.341 	.507 	47.9 	51.7 	9.8 	5.7 	.456 	16.3 	32.8 	.308
169 	Maryland 	31 	17 	14 	.548 	11.55 	8.13 	9 	9 	14 	4 	3 	10 	2205 	2099 		67.7 	103.8 	.365 	.355 	.524 	52.7 	47.4 	9.0 	11.6 	.491 	16.0 	33.8 	.247
170 	Massachusetts-Lowell 	28 	10 	18 	.357 	-13.39 	-4.20 	8 	8 	6 	6 	4 	12 	1718 	1938 		64.5 	94.7 	.379 	.406 	.503 	46.3 	58.8 	9.1 	8.5 	.460 	18.3 	28.2 	.267
171 	Massachusetts 	30 	23 	7 	.767 	11.81 	5.97 	10 	6 	13 	2 	10 	5 	2293 	2118 		71.6 	106.4 	.396 	.260 	.543 	52.1 	56.7 	9.1 	13.0 	.512 	16.2 	34.6 	.267
172 	McNeese State 	30 	11 	19 	.367 	-13.01 	-3.69 	9 	9 	8 	3 	3 	16 	2049 	2292 		69.2 	97.9 	.349 	.358 	.490 	48.1 	50.5 	9.8 	9.9 	.451 	15.8 	32.9 	.241
173 	Memphis 	31 	23 	8 	.742 	13.99 	6.46 	12 	6 	17 	2 	6 	6 	2430 	2181 		71.1 	109.3 	.395 	.271 	.555 	51.9 	61.6 	12.1 	11.2 	.530 	16.2 	36.1 	.258
174 	Mercer 	34 	26 	8 	.765 	5.03 	-4.71 	14 	4 	17 	1 	9 	7 	2695 	2256 		66.0 	115.7 	.384 	.367 	.581 	53.7 	59.8 	8.8 	11.5 	.546 	15.0 	34.5 	.281
175 	Miami (FL) 	31 	16 	15 	.516 	8.23 	5.97 	7 	11 	8 	8 	8 	7 	1914 	1844 		58.2 	104.0 	.358 	.336 	.510 	51.5 	48.5 	8.5 	11.0 	.475 	14.4 	33.4 	.243
176 	Miami (OH) 	30 	13 	17 	.433 	-3.63 	0.75 	8 	10 	8 	6 	5 	11 	1968 	2097 		67.0 	97.2 	.347 	.296 	.526 	47.7 	53.6 	13.1 	6.3 	.481 	18.1 	25.6 	.262
177 	Michigan State 	31 	23 	8 	.742 	19.52 	9.10 	12 	6 	15 	4 	8 	4 	2363 	2040 		66.7 	113.0 	.336 	.364 	.570 	53.3 	63.3 	10.5 	12.8 	.544 	15.0 	32.7 	.234
178 	Michigan 	30 	23 	7 	.767 	19.66 	9.39 	15 	3 	14 	2 	9 	5 	2264 	1956 		63.4 	118.0 	.361 	.390 	.594 	51.2 	55.8 	8.1 	7.6 	.558 	13.0 	29.3 	.275
179 	Middle Tennessee 	31 	23 	8 	.742 	4.89 	-0.81 	13 	3 	14 	2 	9 	6 	2208 	1943 		66.1 	106.9 	.444 	.289 	.537 	53.3 	54.2 	11.0 	12.1 	.503 	15.8 	35.5 	.296
180 	Milwaukee 	33 	20 	13 	.606 	-1.37 	-0.65 	7 	9 	9 	7 	11 	6 	2343 	2333 		68.0 	103.2 	.447 	.403 	.547 	48.7 	58.7 	8.6 	7.8 	.499 	17.4 	28.1 	.326
181 	Minnesota 	31 	19 	12 	.613 	12.71 	8.81 	8 	10 	15 	4 	4 	8 	2231 	2099 		64.9 	109.2 	.383 	.368 	.556 	51.5 	56.2 	11.6 	12.1 	.514 	15.7 	32.9 	.286
182 	Mississippi State 	31 	13 	18 	.419 	-1.14 	2.76 	3 	15 	13 	8 	0 	10 	2086 	2207 		68.5 	97.5 	.430 	.282 	.518 	48.0 	50.7 	11.3 	7.1 	.481 	17.7 	28.3 	.285
183 	Mississippi Valley State 	31 	9 	22 	.290 	-20.20 	-7.60 	5 	13 	7 	4 	2 	18 	2230 	2503 		74.0 	97.2 	.369 	.331 	.508 	47.8 	43.6 	10.4 	4.6 	.473 	17.3 	29.4 	.248
184 	Mississippi 	31 	18 	13 	.581 	8.03 	5.70 	9 	9 	13 	5 	5 	8 	2331 	2259 		69.4 	107.0 	.396 	.375 	.521 	48.3 	49.9 	10.7 	15.0 	.481 	13.7 	33.4 	.276
185 	Missouri-Kansas City 	29 	10 	19 	.345 	-8.56 	-1.35 	7 	9 	5 	9 	5 	10 	2015 	2222 		71.6 	97.1 	.426 	.321 	.509 	46.8 	47.1 	10.2 	6.0 	.477 	16.4 	26.9 	.270
186 	Missouri State 	32 	20 	12 	.625 	1.06 	1.38 	9 	9 	15 	4 	5 	8 	2199 	2185 		64.9 	104.7 	.416 	.364 	.538 	49.2 	52.2 	7.4 	8.6 	.497 	14.9 	27.1 	.294
187 	Missouri 	31 	21 	10 	.677 	10.99 	6.89 	9 	9 	17 	2 	4 	8 	2265 	2138 		65.9 	110.4 	.502 	.328 	.566 	53.7 	43.9 	7.1 	9.6 	.515 	16.3 	35.1 	.371
188 	Monmouth 	32 	11 	21 	.344 	-6.83 	-2.77 	5 	15 	8 	9 	3 	12 	2208 	2338 		69.6 	98.0 	.406 	.285 	.501 	50.6 	49.7 	9.9 	7.3 	.468 	17.5 	33.7 	.259
189 	Montana State 	31 	14 	17 	.452 	-10.04 	-5.18 	9 	11 	9 	5 	5 	12 	2109 	2165 		66.0 	102.7 	.383 	.314 	.537 	48.8 	44.2 	9.9 	4.4 	.499 	15.5 	25.9 	.272
190 	Montana 	29 	17 	12 	.586 	-3.43 	-4.43 	12 	8 	11 	3 	6 	9 	2060 	2000 		61.4 	113.2 	.459 	.410 	.595 	45.2 	48.5 	8.1 	8.7 	.555 	14.4 	24.3 	.340
191 	Morehead State 	33 	20 	13 	.606 	-1.76 	-3.34 	10 	6 	10 	5 	10 	8 	2536 	2406 		70.8 	106.6 	.520 	.326 	.545 	55.9 	53.1 	11.1 	7.9 	.497 	18.4 	39.9 	.364
192 	Morgan State 	28 	13 	15 	.464 	-6.03 	-4.50 	11 	5 	7 	5 	6 	10 	1993 	2036 		69.1 	100.8 	.423 	.289 	.494 	49.8 	49.2 	9.0 	11.9 	.465 	15.2 	35.5 	.256
193 	Mount St. Mary's 	31 	15 	16 	.484 	-6.36 	-4.03 	9 	7 	10 	3 	5 	13 	2352 	2424 		70.3 	107.1 	.370 	.430 	.553 	46.7 	46.1 	10.2 	9.2 	.512 	15.0 	28.3 	.275
194 	Murray State 	29 	18 	11 	.621 	-1.49 	-4.31 	13 	3 	13 	1 	5 	10 	2247 	2116 		68.3 	112.5 	.493 	.353 	.570 	51.6 	49.5 	8.3 	10.8 	.541 	16.0 	34.7 	.325
195 	Navy 	30 	9 	21 	.300 	-11.56 	-5.07 	4 	14 	7 	6 	2 	15 	1820 	1957 		62.9 	95.2 	.286 	.372 	.487 	49.3 	57.7 	10.2 	9.6 	.462 	16.9 	30.6 	.182
196 	Nebraska-Omaha 	30 	16 	14 	.533 	-0.13 	-2.13 	5 	9 	10 	4 	6 	10 	2405 	2243 		73.6 	108.0 	.381 	.330 	.553 	48.6 	56.0 	11.2 	6.6 	.507 	14.8 	29.2 	.293
197 	Nebraska 	30 	19 	11 	.633 	10.95 	8.61 	11 	7 	15 	1 	4 	10 	2010 	1940 		65.2 	102.8 	.431 	.333 	.531 	49.0 	42.7 	10.5 	8.6 	.486 	14.9 	26.0 	.308
198 	Nevada-Las Vegas 	31 	19 	12 	.613 	9.18 	2.89 	10 	8 	12 	7 	7 	5 	2233 	2038 		66.8 	106.9 	.396 	.311 	.521 	52.4 	52.4 	7.3 	16.5 	.489 	14.1 	34.6 	.260
199 	Nevada 	31 	15 	16 	.484 	2.68 	3.81 	10 	8 	7 	9 	8 	7 	2254 	2289 		65.1 	108.3 	.379 	.345 	.537 	49.7 	43.7 	7.3 	12.1 	.496 	13.5 	31.3 	.275
200 	New Hampshire 	30 	6 	24 	.200 	-13.69 	-5.62 	4 	12 	3 	12 	3 	12 	1735 	1945 		63.5 	90.6 	.331 	.411 	.483 	49.2 	50.0 	6.3 	10.8 	.444 	18.1 	27.2 	.229
201 	New Mexico State 	32 	23 	9 	.719 	6.58 	-2.48 	12 	4 	15 	2 	8 	7 	2487 	2156 		67.7 	114.0 	.550 	.280 	.577 	53.4 	50.4 	7.1 	16.8 	.540 	16.2 	37.8 	.375
202 	New Mexico 	30 	24 	6 	.800 	13.01 	4.75 	15 	3 	13 	2 	11 	4 	2236 	1988 		65.6 	111.8 	.449 	.314 	.557 	53.6 	61.1 	7.5 	13.8 	.512 	13.6 	32.5 	.325
203 	New Orleans 	26 	11 	15 	.423 	-14.66 	-5.16 	8 	10 	6 	6 	5 	9 	1858 	1987 		72.6 	98.5 	.503 	.280 	.523 	51.7 	51.4 	9.1 	8.1 	.476 	20.0 	35.5 	.343
204 	Niagara 	33 	7 	26 	.212 	-8.08 	-1.26 	3 	17 	4 	12 	3 	14 	2484 	2709 		73.8 	102.0 	.486 	.284 	.518 	47.6 	39.5 	9.4 	5.1 	.472 	16.0 	32.1 	.331
205 	Nicholls State 	27 	13 	14 	.481 	-12.68 	-7.14 	10 	8 	9 	2 	4 	12 	1843 	1962 		66.6 	101.5 	.391 	.354 	.529 	47.6 	53.7 	8.7 	7.6 	.502 	16.0 	28.3 	.250
206 	NJIT 	29 	13 	16 	.448 	-12.35 	-7.31 	0 	0 	7 	6 	6 	10 	2109 	2061 		68.8 	104.8 	.368 	.353 	.548 	49.1 	54.1 	9.3 	9.8 	.510 	16.6 	28.7 	.266
207 	Norfolk State 	31 	18 	13 	.581 	-7.63 	-7.52 	11 	5 	9 	5 	9 	8 	2272 	2225 		66.9 	108.7 	.398 	.288 	.552 	52.5 	53.8 	9.1 	9.8 	.518 	17.1 	37.7 	.277
208 	North Carolina-Asheville 	32 	17 	15 	.531 	-6.79 	-5.48 	10 	6 	12 	3 	5 	12 	2486 	2424 		70.2 	109.9 	.433 	.328 	.563 	52.1 	48.1 	9.1 	15.5 	.517 	16.7 	35.5 	.323
209 	North Carolina A&T 	31 	9 	22 	.290 	-16.05 	-6.91 	5 	11 	7 	5 	2 	17 	2042 	2289 		67.6 	96.2 	.589 	.344 	.507 	50.3 	47.6 	7.0 	11.9 	.441 	19.3 	33.1 	.415
210 	North Carolina Central 	30 	25 	5 	.833 	3.02 	-8.55 	16 	1 	14 	0 	11 	5 	2207 	1777 		65.0 	111.3 	.476 	.296 	.555 	52.4 	59.3 	12.4 	11.1 	.508 	15.1 	36.4 	.343
211 	North Carolina-Greensboro 	32 	14 	18 	.438 	-12.11 	-5.90 	7 	9 	10 	8 	4 	10 	2267 	2373 		70.6 	99.6 	.384 	.266 	.522 	51.1 	47.0 	7.9 	5.6 	.486 	17.2 	29.5 	.264
212 	North Carolina State 	31 	19 	12 	.613 	8.04 	6.71 	9 	9 	13 	6 	6 	6 	2207 	2166 		65.5 	107.4 	.366 	.258 	.525 	49.6 	48.4 	7.2 	9.8 	.497 	13.8 	34.7 	.240
213 	North Carolina-Wilmington 	32 	9 	23 	.281 	-8.47 	-0.50 	3 	13 	6 	8 	3 	15 	2018 	2221 		64.8 	95.9 	.329 	.276 	.474 	48.8 	46.7 	9.1 	9.7 	.440 	14.8 	32.0 	.216
214 	North Carolina 	31 	23 	8 	.742 	15.58 	7.93 	13 	5 	16 	3 	7 	5 	2367 	2130 		69.8 	108.5 	.443 	.206 	.527 	53.5 	56.4 	10.5 	10.3 	.500 	14.4 	38.2 	.277
215 	North Dakota State 	30 	24 	6 	.800 	6.93 	-0.51 	12 	2 	13 	1 	11 	5 	2308 	1969 		64.4 	119.4 	.414 	.275 	.600 	54.1 	43.4 	10.1 	11.4 	.563 	13.6 	33.2 	.309
216 	North Dakota 	30 	15 	15 	.500 	-5.93 	-3.08 	12 	8 	11 	4 	4 	11 	2226 	2219 		68.9 	107.7 	.413 	.325 	.546 	48.2 	47.8 	12.4 	7.2 	.513 	14.6 	31.1 	.281
217 	North Florida 	32 	16 	16 	.500 	-7.40 	-3.20 	10 	8 	9 	5 	7 	11 	2318 	2377 		69.2 	104.3 	.406 	.355 	.545 	52.0 	50.8 	7.5 	10.9 	.506 	18.7 	34.0 	.288
218 	North Texas 	30 	15 	15 	.500 	-3.87 	-0.66 	6 	10 	9 	7 	6 	8 	2104 	2185 		70.2 	99.0 	.416 	.255 	.504 	49.6 	41.6 	9.4 	8.1 	.465 	15.7 	30.6 	.279
219 	Northeastern 	32 	11 	21 	.344 	-2.72 	0.09 	7 	9 	4 	8 	7 	13 	2109 	2199 		64.8 	100.6 	.444 	.284 	.515 	51.3 	50.5 	8.2 	9.1 	.480 	17.2 	32.7 	.287
220 	Northern Arizona 	31 	15 	16 	.484 	-5.94 	-3.71 	12 	8 	9 	4 	6 	12 	2084 	2127 		63.8 	104.6 	.346 	.281 	.538 	52.5 	44.0 	9.7 	10.1 	.504 	16.9 	33.5 	.246
221 	Northern Colorado 	29 	17 	12 	.586 	-3.23 	-5.64 	11 	9 	13 	2 	4 	10 	2168 	2040 		64.8 	114.3 	.381 	.284 	.576 	52.4 	43.3 	8.9 	5.7 	.549 	15.3 	34.6 	.262
222 	Northern Illinois 	31 	15 	16 	.484 	-2.84 	-0.68 	8 	10 	10 	7 	5 	9 	1944 	1959 		63.9 	96.2 	.501 	.297 	.488 	53.1 	41.5 	10.2 	8.9 	.433 	18.8 	37.6 	.342
223 	Northern Iowa 	31 	16 	15 	.516 	5.57 	3.14 	10 	8 	11 	3 	5 	12 	2256 	2149 		65.6 	110.1 	.382 	.432 	.564 	49.4 	57.2 	8.5 	9.4 	.528 	14.3 	26.3 	.276
224 	Northern Kentucky 	30 	9 	21 	.300 	-10.51 	-4.95 	5 	13 	7 	9 	2 	12 	2044 	2211 		64.3 	104.7 	.357 	.404 	.540 	47.7 	47.4 	8.3 	9.2 	.506 	15.7 	28.4 	.252
225 	Northwestern State 	29 	16 	13 	.552 	-3.52 	-4.33 	12 	6 	10 	3 	6 	10 	2520 	2442 		78.2 	109.2 	.387 	.255 	.556 	48.2 	54.0 	11.3 	10.9 	.515 	15.1 	32.1 	.287
226 	Northwestern 	31 	13 	18 	.419 	4.59 	8.34 	6 	12 	8 	10 	5 	8 	1846 	1962 		62.8 	94.0 	.362 	.419 	.496 	47.1 	54.4 	6.9 	12.6 	.455 	15.4 	22.6 	.253
227 	Notre Dame 	31 	15 	16 	.484 	9.05 	7.21 	6 	12 	13 	7 	2 	9 	2234 	2177 		64.0 	110.5 	.300 	.346 	.549 	51.1 	57.5 	8.9 	8.1 	.520 	13.9 	32.4 	.214
228 	Oakland 	33 	13 	20 	.394 	-1.83 	3.18 	7 	9 	10 	7 	3 	13 	2455 	2554 		68.8 	106.9 	.387 	.399 	.549 	46.2 	63.6 	10.0 	5.4 	.508 	14.2 	25.3 	.283
229 	Ohio State 	31 	23 	8 	.742 	19.12 	8.22 	10 	8 	17 	3 	6 	5 	2170 	1832 		64.8 	107.1 	.434 	.336 	.545 	49.8 	49.9 	11.6 	12.2 	.507 	14.8 	29.1 	.301
230 	Ohio 	32 	22 	10 	.688 	3.69 	-0.66 	11 	7 	12 	6 	10 	4 	2297 	2134 		66.4 	106.1 	.349 	.379 	.556 	50.6 	58.5 	9.6 	12.6 	.525 	16.9 	29.3 	.246
231 	Oklahoma State 	31 	20 	11 	.645 	20.00 	8.39 	8 	10 	14 	3 	6 	8 	2501 	2141 		69.8 	113.3 	.493 	.339 	.574 	49.2 	52.2 	10.5 	13.3 	.530 	13.4 	28.0 	.357
232 	Oklahoma 	31 	23 	8 	.742 	16.03 	9.39 	12 	6 	16 	3 	7 	5 	2556 	2350 		72.3 	113.1 	.410 	.362 	.564 	51.0 	52.7 	9.4 	8.5 	.520 	13.8 	32.1 	.307
233 	Old Dominion 	31 	15 	16 	.484 	-1.68 	-0.55 	9 	7 	10 	8 	5 	8 	1972 	2007 		64.3 	98.1 	.401 	.299 	.503 	51.3 	46.9 	9.6 	11.4 	.477 	17.7 	33.6 	.243
234 	Oral Roberts 	31 	16 	15 	.516 	-2.11 	-3.87 	10 	8 	9 	4 	7 	11 	2230 	2155 		65.8 	108.4 	.421 	.243 	.548 	52.2 	48.5 	7.9 	10.7 	.505 	15.1 	33.3 	.305
235 	Oregon State 	30 	16 	14 	.533 	7.41 	6.64 	8 	10 	12 	4 	4 	10 	2259 	2236 		68.4 	108.8 	.505 	.270 	.573 	50.8 	53.3 	7.2 	12.4 	.535 	17.3 	31.0 	.352
236 	Oregon 	30 	22 	8 	.733 	16.42 	7.89 	10 	8 	15 	3 	7 	5 	2468 	2212 		70.3 	114.6 	.434 	.336 	.579 	51.1 	53.2 	11.2 	8.9 	.531 	14.3 	32.9 	.334
237 	Pacific 	30 	15 	15 	.500 	2.17 	4.69 	6 	12 	8 	7 	7 	8 	2176 	2238 		67.1 	107.6 	.412 	.320 	.548 	51.9 	49.9 	7.5 	5.0 	.496 	15.8 	32.7 	.318
238 	Penn State 	31 	15 	16 	.484 	8.93 	8.09 	6 	12 	10 	8 	5 	8 	2232 	2206 		66.7 	106.6 	.386 	.344 	.537 	49.9 	46.8 	6.6 	12.4 	.492 	13.8 	29.5 	.287
239 	Pennsylvania 	27 	8 	19 	.296 	-6.38 	0.25 	5 	8 	6 	8 	2 	11 	1846 	2025 		70.2 	96.9 	.398 	.287 	.532 	47.9 	59.7 	8.3 	8.9 	.498 	20.4 	28.5 	.271
240 	Pepperdine 	31 	15 	16 	.484 	1.42 	3.22 	8 	10 	8 	7 	7 	9 	2206 	2247 		66.7 	106.2 	.389 	.324 	.547 	50.2 	55.4 	7.1 	11.7 	.512 	16.0 	30.7 	.272
241 	Pittsburgh 	31 	23 	8 	.742 	16.91 	6.81 	11 	7 	15 	5 	8 	3 	2252 	1939 		62.5 	113.9 	.460 	.268 	.554 	54.8 	63.7 	10.9 	7.8 	.509 	14.0 	38.0 	.332
242 	Portland State 	29 	16 	13 	.552 	-6.34 	-5.26 	11 	9 	12 	5 	4 	8 	2122 	2082 		65.6 	108.8 	.393 	.315 	.563 	47.8 	52.6 	9.1 	5.8 	.526 	15.1 	28.1 	.284
243 	Portland 	31 	15 	16 	.484 	5.43 	2.40 	7 	11 	11 	6 	4 	10 	2327 	2233 		67.2 	109.0 	.395 	.273 	.551 	51.8 	58.3 	8.6 	9.9 	.509 	14.9 	32.1 	.290
244 	Prairie View 	30 	8 	22 	.267 	-18.03 	-6.90 	6 	12 	6 	6 	2 	16 	2091 	2387 		68.7 	97.7 	.383 	.352 	.506 	46.1 	44.2 	9.8 	6.0 	.475 	17.6 	30.5 	.247
245 	Presbyterian 	32 	6 	26 	.188 	-20.69 	-7.49 	2 	14 	5 	9 	1 	17 	2092 	2445 		66.7 	98.1 	.307 	.312 	.530 	45.3 	48.2 	6.6 	8.1 	.503 	16.9 	23.1 	.208
246 	Princeton 	27 	19 	8 	.704 	4.54 	-1.88 	7 	6 	10 	2 	9 	6 	1936 	1739 		64.5 	109.1 	.385 	.490 	.572 	50.3 	61.5 	9.6 	13.3 	.538 	15.3 	25.7 	.278
247 	Providence 	31 	20 	11 	.645 	11.46 	8.01 	10 	8 	14 	3 	6 	8 	2265 	2158 		64.9 	108.2 	.406 	.318 	.536 	52.7 	57.4 	8.5 	12.8 	.480 	15.0 	35.6 	.318
248 	Purdue 	31 	15 	16 	.484 	8.45 	7.77 	5 	13 	13 	6 	2 	10 	2251 	2230 		67.9 	104.5 	.384 	.283 	.510 	52.5 	50.9 	8.0 	12.0 	.474 	14.7 	36.0 	.257
249 	Quinnipiac 	31 	20 	11 	.645 	0.00 	-2.39 	14 	6 	10 	3 	10 	8 	2453 	2379 		71.0 	110.6 	.487 	.248 	.522 	57.5 	48.8 	4.9 	10.0 	.469 	14.3 	42.4 	.348
250 	Radford 	33 	21 	12 	.636 	-7.98 	-9.05 	10 	6 	11 	4 	10 	8 	2574 	2426 		68.8 	112.9 	.407 	.296 	.563 	50.9 	46.8 	10.4 	9.1 	.530 	13.9 	32.9 	.283
251 	Rhode Island 	31 	14 	17 	.452 	3.02 	3.29 	5 	12 	10 	6 	4 	11 	2108 	2113 		67.2 	100.7 	.457 	.279 	.524 	51.8 	51.3 	7.3 	13.4 	.487 	17.9 	33.1 	.301
252 	Rice 	29 	7 	22 	.241 	-9.18 	0.11 	2 	14 	6 	10 	1 	12 	1791 	2020 		65.0 	93.4 	.325 	.465 	.508 	46.2 	65.2 	7.1 	6.8 	.479 	18.1 	22.2 	.215
253 	Richmond 	31 	18 	13 	.581 	5.99 	4.31 	8 	8 	12 	4 	6 	9 	2067 	2015 		64.6 	101.6 	.408 	.366 	.517 	45.9 	46.2 	8.9 	12.6 	.481 	14.2 	26.1 	.273
254 	Rider 	31 	14 	17 	.452 	-4.28 	-1.64 	9 	11 	6 	7 	8 	10 	2292 	2374 		68.2 	106.8 	.457 	.350 	.553 	49.5 	50.7 	8.8 	8.0 	.506 	16.7 	31.4 	.334
255 	Robert Morris 	33 	21 	12 	.636 	-3.19 	-4.01 	14 	2 	12 	2 	9 	10 	2362 	2335 		66.5 	107.3 	.370 	.337 	.541 	49.4 	50.4 	10.6 	4.8 	.502 	14.7 	31.5 	.268
256 	Rutgers 	31 	11 	20 	.355 	1.01 	5.61 	5 	13 	10 	10 	1 	10 	2244 	2355 		69.1 	104.8 	.367 	.308 	.521 	49.8 	51.2 	8.5 	10.4 	.483 	15.0 	33.6 	.259
257 	Sacramento State 	29 	14 	15 	.483 	-7.30 	-4.82 	10 	10 	11 	3 	3 	12 	1994 	2000 		63.7 	106.9 	.358 	.310 	.552 	49.7 	55.2 	8.3 	3.8 	.517 	15.5 	29.6 	.257
258 	Sacred Heart 	31 	5 	26 	.161 	-12.67 	-5.70 	2 	14 	1 	10 	4 	16 	2162 	2378 		68.5 	100.7 	.357 	.328 	.503 	48.6 	51.2 	7.7 	5.3 	.467 	15.1 	32.4 	.245
259 	Saint Francis (PA) 	31 	10 	21 	.323 	-12.90 	-5.35 	7 	9 	5 	8 	5 	13 	1916 	2150 		63.2 	97.9 	.327 	.417 	.503 	45.7 	53.5 	9.0 	8.8 	.476 	15.0 	26.0 	.210
260 	Saint Joseph's 	30 	21 	9 	.700 	8.48 	4.58 	11 	5 	13 	4 	8 	5 	2150 	2033 		66.2 	108.3 	.429 	.367 	.564 	52.2 	57.0 	6.9 	14.1 	.540 	16.6 	30.3 	.277
261 	Saint Louis 	31 	26 	5 	.839 	12.18 	3.55 	13 	3 	14 	4 	12 	1 	2172 	1888 		67.4 	103.1 	.412 	.322 	.535 	51.1 	58.6 	10.9 	11.4 	.494 	16.3 	29.6 	.292
262 	Saint Mary's (CA) 	33 	22 	11 	.667 	9.53 	4.28 	11 	7 	15 	4 	7 	7 	2377 	2171 		63.5 	113.0 	.479 	.353 	.562 	53.4 	52.8 	8.8 	9.8 	.520 	15.4 	36.8 	.339
263 	Saint Peter's 	31 	14 	17 	.452 	-5.83 	-3.22 	9 	11 	8 	5 	6 	12 	1961 	2042 		63.7 	98.5 	.422 	.319 	.505 	49.6 	46.0 	10.0 	12.3 	.458 	16.3 	30.9 	.297
264 	Sam Houston State 	30 	21 	9 	.700 	-4.80 	-8.05 	13 	5 	12 	1 	9 	8 	2316 	2113 		68.0 	111.6 	.513 	.331 	.561 	51.6 	62.3 	10.0 	8.8 	.529 	16.0 	35.5 	.337
265 	Samford 	33 	13 	20 	.394 	-14.73 	-7.23 	6 	10 	10 	4 	3 	16 	2327 	2521 		67.9 	103.5 	.386 	.272 	.549 	47.8 	53.0 	8.2 	7.6 	.519 	16.7 	27.9 	.261
266 	San Diego State 	30 	27 	3 	.900 	14.76 	4.40 	16 	2 	15 	1 	12 	2 	2140 	1715 		64.9 	109.4 	.465 	.254 	.521 	53.7 	41.0 	11.8 	12.9 	.485 	13.1 	37.0 	.303
267 	San Diego 	32 	16 	16 	.500 	2.85 	3.05 	7 	11 	10 	8 	6 	8 	2138 	2071 		63.5 	105.2 	.399 	.330 	.542 	50.3 	48.4 	9.1 	11.0 	.507 	16.2 	30.4 	.276
268 	San Francisco 	32 	21 	11 	.656 	6.70 	4.74 	13 	5 	13 	5 	8 	6 	2406 	2286 		66.3 	111.5 	.454 	.339 	.564 	51.9 	55.8 	8.0 	7.2 	.538 	15.1 	33.2 	.295
269 	San Jose State 	30 	7 	23 	.233 	-6.93 	3.35 	1 	17 	4 	9 	3 	14 	1886 	2139 		65.5 	94.8 	.338 	.474 	.500 	48.9 	54.6 	6.5 	9.5 	.458 	17.6 	27.9 	.244
270 	Santa Clara 	33 	14 	19 	.424 	1.40 	3.53 	6 	12 	8 	8 	6 	11 	2340 	2325 		65.6 	107.7 	.380 	.366 	.535 	47.3 	51.1 	9.2 	11.7 	.492 	13.2 	29.3 	.278
271 	Savannah State 	31 	13 	18 	.419 	-9.04 	-5.04 	10 	6 	8 	5 	5 	13 	1921 	2000 		65.5 	93.4 	.400 	.305 	.503 	48.8 	48.1 	10.8 	13.7 	.468 	20.6 	32.1 	.262
272 	Seattle 	29 	13 	16 	.448 	-5.74 	-4.00 	5 	11 	7 	7 	6 	9 	2071 	2049 		68.6 	102.8 	.343 	.368 	.515 	53.9 	52.6 	9.0 	8.1 	.487 	17.1 	37.9 	.223
273 	Seton Hall 	31 	15 	16 	.484 	8.05 	5.76 	6 	12 	11 	8 	4 	8 	2253 	2182 		66.3 	107.4 	.452 	.394 	.569 	49.7 	56.0 	10.3 	9.1 	.528 	16.4 	26.6 	.326
274 	Siena 	32 	15 	17 	.469 	-2.34 	-0.62 	11 	9 	10 	4 	5 	13 	2237 	2292 		67.6 	101.8 	.418 	.234 	.508 	51.8 	56.7 	8.6 	10.4 	.459 	17.2 	38.9 	.301
275 	South Alabama 	31 	11 	20 	.355 	-4.66 	-0.09 	5 	13 	10 	6 	1 	14 	2136 	2182 		66.7 	101.7 	.382 	.408 	.509 	50.7 	48.7 	7.3 	11.7 	.471 	15.5 	32.7 	.261
276 	South Carolina State 	30 	9 	21 	.300 	-16.98 	-5.73 	5 	11 	7 	6 	2 	15 	1883 	2180 		66.6 	92.6 	.343 	.307 	.474 	49.7 	53.8 	8.3 	8.4 	.439 	18.7 	35.2 	.224
277 	South Carolina Upstate 	33 	19 	14 	.576 	-2.05 	-4.82 	11 	7 	13 	2 	6 	12 	2432 	2286 		67.1 	108.4 	.382 	.341 	.538 	53.0 	59.0 	9.9 	9.3 	.506 	15.1 	35.7 	.257
278 	South Carolina 	31 	12 	19 	.387 	4.81 	6.68 	5 	13 	9 	7 	3 	12 	2134 	2192 		67.2 	102.4 	.451 	.279 	.517 	51.8 	53.7 	9.5 	9.9 	.470 	17.9 	39.0 	.316
279 	South Dakota State 	31 	19 	12 	.613 	0.81 	-1.27 	10 	4 	11 	3 	8 	9 	2250 	2126 		67.2 	108.1 	.445 	.352 	.559 	54.1 	54.9 	8.2 	9.3 	.509 	15.6 	30.1 	.337
280 	South Dakota 	30 	12 	18 	.400 	-6.43 	-0.17 	6 	8 	10 	4 	2 	14 	2084 	2152 		66.9 	103.5 	.386 	.334 	.546 	49.5 	53.4 	8.1 	10.5 	.501 	16.4 	27.3 	.290
281 	South Florida 	31 	12 	19 	.387 	-0.17 	4.99 	3 	15 	7 	10 	5 	9 	2032 	2192 		66.0 	98.1 	.431 	.222 	.503 	50.0 	53.5 	8.5 	8.8 	.462 	16.7 	31.9 	.287
282 	Southeast Missouri State 	32 	18 	14 	.563 	-5.55 	-6.65 	8 	8 	11 	4 	7 	10 	2654 	2514 		71.8 	114.0 	.386 	.315 	.583 	52.8 	55.5 	9.8 	10.3 	.556 	15.7 	33.0 	.267
283 	Southeastern Louisiana 	29 	12 	17 	.414 	-12.46 	-7.13 	7 	11 	8 	5 	4 	12 	2021 	2101 		66.5 	103.8 	.402 	.346 	.544 	46.8 	49.9 	6.7 	11.8 	.508 	16.0 	25.8 	.280
284 	Southern California 	31 	11 	20 	.355 	3.19 	8.69 	2 	16 	9 	10 	2 	10 	2202 	2351 		70.6 	99.3 	.425 	.271 	.518 	50.3 	50.4 	7.6 	10.4 	.480 	17.3 	31.3 	.284
285 	SIU Edwardsville 	31 	11 	20 	.355 	-10.56 	-5.29 	7 	9 	9 	6 	2 	14 	2264 	2364 		69.1 	105.2 	.376 	.344 	.560 	47.7 	54.1 	9.9 	8.4 	.535 	17.7 	29.0 	.250
286 	Southern Illinois 	33 	14 	19 	.424 	-0.22 	0.47 	9 	9 	10 	6 	4 	13 	2208 	2208 		63.6 	104.7 	.432 	.262 	.534 	51.5 	42.3 	11.2 	5.5 	.498 	16.5 	34.4 	.290
287 	Southern Methodist 	31 	23 	8 	.742 	14.07 	4.55 	12 	6 	17 	2 	6 	6 	2220 	1925 		66.6 	107.6 	.442 	.233 	.565 	53.6 	59.1 	11.3 	11.5 	.533 	18.1 	34.8 	.302
288 	Southern Mississippi 	31 	26 	5 	.839 	6.97 	-1.24 	13 	3 	14 	0 	12 	5 	2252 	1933 		65.3 	110.8 	.536 	.298 	.560 	54.8 	59.5 	13.0 	5.9 	.518 	17.2 	39.1 	.368
289 	Southern Utah 	29 	2 	27 	.069 	-19.22 	-2.51 	1 	19 	2 	11 	0 	16 	1710 	2171 		65.1 	90.2 	.394 	.274 	.493 	44.3 	53.0 	6.8 	8.9 	.449 	19.0 	24.2 	.272
290 	Southern 	31 	19 	12 	.613 	-2.75 	-7.25 	15 	3 	10 	4 	9 	8 	2232 	1942 		68.2 	104.6 	.399 	.306 	.532 	52.7 	51.0 	8.9 	12.6 	.508 	16.5 	33.1 	.251
291 	St. Bonaventure 	30 	16 	14 	.533 	6.20 	2.40 	6 	10 	11 	4 	5 	10 	2220 	2106 		68.8 	107.6 	.416 	.257 	.540 	52.4 	52.5 	10.1 	10.0 	.499 	16.4 	37.0 	.296
292 	St. Francis (NY) 	32 	18 	14 	.563 	-4.34 	-5.60 	9 	7 	10 	3 	8 	11 	2207 	2139 		67.0 	101.8 	.363 	.341 	.519 	52.2 	51.1 	8.3 	14.2 	.485 	16.7 	33.6 	.248
293 	St. John's (NY) 	31 	20 	11 	.645 	13.45 	7.48 	10 	8 	14 	5 	6 	6 	2251 	2066 		67.0 	106.3 	.383 	.231 	.528 	50.5 	50.2 	9.9 	17.1 	.489 	13.9 	31.4 	.271
294 	Stanford 	30 	19 	11 	.633 	13.90 	8.77 	10 	8 	12 	4 	7 	7 	2214 	2060 		67.6 	108.8 	.447 	.286 	.552 	51.5 	47.4 	7.6 	11.3 	.514 	14.6 	30.0 	.311
295 	Stephen F. Austin 	31 	29 	2 	.935 	4.58 	-8.22 	18 	0 	15 	0 	14 	2 	2371 	1940 		65.9 	115.6 	.405 	.353 	.561 	53.9 	62.1 	11.5 	8.2 	.525 	14.3 	38.9 	.287
296 	Stetson 	31 	7 	24 	.226 	-15.77 	-4.93 	5 	13 	6 	7 	1 	17 	1916 	2252 		64.1 	95.8 	.362 	.332 	.502 	45.1 	54.2 	8.7 	10.7 	.468 	16.9 	27.8 	.240
297 	Stony Brook 	32 	23 	9 	.719 	-0.77 	-6.48 	13 	3 	12 	3 	11 	6 	2311 	2118 		66.6 	107.7 	.387 	.272 	.546 	54.3 	50.7 	8.9 	7.4 	.507 	16.0 	34.4 	.278
298 	Syracuse 	31 	27 	4 	.871 	16.72 	7.68 	14 	4 	16 	2 	11 	2 	2118 	1838 		60.4 	112.2 	.384 	.270 	.525 	52.7 	49.6 	13.3 	12.2 	.486 	12.2 	38.1 	.268
299 	Temple 	30 	9 	21 	.300 	3.10 	7.30 	4 	14 	4 	10 	5 	11 	2201 	2327 		68.4 	105.9 	.317 	.310 	.515 	48.7 	50.3 	8.2 	8.0 	.479 	13.0 	32.3 	.227
300 	Tennessee-Martin 	31 	8 	23 	.258 	-13.38 	-4.76 	3 	13 	5 	10 	3 	13 	2304 	2526 		71.2 	104.3 	.370 	.340 	.524 	46.5 	53.8 	10.6 	6.6 	.482 	14.2 	29.7 	.268
301 	Tennessee State 	30 	5 	25 	.167 	-9.91 	-2.08 	4 	12 	3 	11 	2 	14 	2061 	2265 		66.8 	102.4 	.434 	.305 	.519 	49.5 	44.4 	8.1 	7.3 	.474 	15.9 	32.6 	.304
302 	Tennessee Tech 	33 	17 	16 	.515 	-8.14 	-4.63 	9 	7 	10 	5 	7 	11 	2376 	2376 		69.0 	104.3 	.446 	.312 	.542 	52.3 	49.6 	10.8 	12.4 	.505 	18.7 	36.4 	.302
303 	Tennessee 	31 	20 	11 	.645 	16.52 	7.05 	11 	7 	16 	4 	4 	7 	2246 	1915 		63.2 	114.2 	.411 	.312 	.541 	56.3 	51.5 	8.2 	12.8 	.500 	13.7 	40.4 	.293
304 	Texas A&M-Corpus Christi 	31 	17 	14 	.548 	-5.62 	-6.75 	14 	4 	10 	7 	7 	7 	2145 	2083 		64.3 	107.2 	.453 	.224 	.546 	52.2 	50.2 	10.5 	7.4 	.512 	16.5 	35.3 	.302
305 	Texas A&M 	31 	17 	14 	.548 	5.73 	3.69 	8 	10 	16 	3 	1 	11 	2002 	1939 		64.1 	99.5 	.388 	.336 	.512 	48.1 	55.8 	9.9 	11.3 	.483 	15.2 	27.3 	.248
306 	Texas-Arlington 	30 	14 	16 	.467 	-4.63 	-0.45 	9 	9 	9 	5 	5 	11 	2290 	2332 		70.5 	106.1 	.421 	.401 	.545 	50.7 	47.8 	7.4 	10.3 	.506 	16.6 	32.3 	.296
307 	Texas Christian 	30 	9 	21 	.300 	-1.08 	8.19 	0 	18 	6 	10 	3 	11 	1905 	2171 		66.8 	95.1 	.439 	.277 	.502 	43.5 	53.5 	8.6 	8.7 	.445 	15.9 	24.3 	.323
308 	Texas-El Paso 	31 	22 	9 	.710 	5.18 	0.25 	12 	4 	13 	5 	9 	4 	2158 	1959 		65.3 	105.7 	.522 	.260 	.555 	51.4 	58.1 	7.7 	10.9 	.513 	17.9 	31.9 	.358
309 	Texas-Pan American 	31 	9 	22 	.290 	-9.88 	-4.12 	5 	11 	3 	10 	6 	12 	2038 	2179 		67.0 	96.1 	.359 	.302 	.490 	47.1 	53.1 	10.2 	5.9 	.454 	15.8 	29.8 	.239
310 	Texas-San Antonio 	29 	8 	21 	.276 	-10.84 	-0.49 	4 	12 	7 	9 	1 	12 	1990 	2225 		68.2 	100.2 	.545 	.349 	.529 	50.8 	48.5 	8.9 	5.6 	.478 	19.8 	34.7 	.377
311 	Texas Southern 	30 	16 	14 	.533 	-8.14 	-9.00 	12 	6 	9 	2 	7 	12 	2285 	2243 		68.3 	109.6 	.486 	.325 	.562 	52.1 	56.0 	6.8 	9.4 	.518 	16.5 	33.7 	.347
312 	Texas State 	31 	8 	23 	.258 	-7.31 	-0.96 	4 	14 	6 	9 	2 	14 	1903 	2047 		63.3 	96.5 	.342 	.296 	.510 	51.2 	49.4 	9.2 	7.7 	.480 	18.7 	31.2 	.227
313 	Texas Tech 	31 	14 	17 	.452 	9.47 	8.89 	6 	12 	11 	6 	3 	11 	2128 	2110 		63.6 	107.4 	.390 	.267 	.539 	52.3 	47.2 	9.7 	9.4 	.498 	15.9 	37.1 	.283
314 	Texas 	31 	22 	9 	.710 	13.37 	9.01 	11 	7 	16 	2 	6 	7 	2311 	2176 		69.9 	106.3 	.451 	.265 	.514 	55.0 	48.1 	8.5 	13.7 	.473 	14.8 	39.3 	.301
315 	Toledo 	31 	26 	5 	.839 	4.38 	-1.29 	14 	4 	15 	0 	11 	5 	2499 	2282 		69.1 	115.7 	.457 	.275 	.564 	52.2 	55.1 	9.9 	6.7 	.520 	13.1 	36.2 	.334
316 	Towson 	33 	23 	10 	.697 	1.29 	-2.75 	13 	3 	15 	2 	8 	8 	2414 	2255 		65.2 	111.7 	.539 	.316 	.554 	53.8 	42.1 	6.2 	13.4 	.509 	14.9 	36.3 	.373
317 	Troy 	30 	11 	19 	.367 	-5.19 	-2.26 	6 	12 	8 	7 	3 	12 	2060 	2097 		65.7 	102.8 	.444 	.383 	.523 	50.1 	48.8 	8.8 	7.3 	.486 	16.5 	33.2 	.295
318 	Tulane 	31 	16 	15 	.516 	-7.85 	-1.65 	8 	8 	12 	6 	4 	9 	1994 	2170 		63.6 	100.7 	.505 	.342 	.523 	49.6 	45.2 	7.4 	9.2 	.472 	17.3 	31.7 	.353
319 	Tulsa 	30 	18 	12 	.600 	5.92 	0.86 	13 	3 	11 	3 	7 	9 	2197 	2045 		69.0 	105.3 	.467 	.324 	.533 	50.4 	53.2 	10.0 	10.4 	.493 	14.7 	30.3 	.316
320 	UCLA 	31 	23 	8 	.742 	17.73 	7.15 	12 	6 	16 	2 	7 	6 	2541 	2213 		70.7 	115.1 	.382 	.276 	.578 	51.3 	59.4 	13.5 	6.8 	.540 	13.0 	30.4 	.287
321 	Utah State 	30 	17 	13 	.567 	6.10 	3.27 	7 	11 	13 	5 	4 	8 	2103 	1990 		62.8 	110.6 	.335 	.313 	.556 	54.8 	65.7 	5.4 	10.1 	.521 	15.0 	33.9 	.247
322 	Utah Valley 	29 	19 	10 	.655 	-4.32 	-3.39 	13 	3 	13 	2 	6 	8 	1945 	1879 		63.8 	104.6 	.399 	.361 	.539 	50.6 	62.1 	8.0 	8.7 	.489 	15.4 	29.2 	.302
323 	Utah 	30 	20 	10 	.667 	14.65 	6.15 	9 	9 	18 	2 	2 	8 	2315 	1920 		67.0 	113.6 	.403 	.332 	.591 	53.0 	58.0 	10.1 	13.0 	.555 	15.3 	30.0 	.297
324 	Valparaiso 	33 	18 	15 	.545 	0.46 	-0.07 	9 	7 	12 	5 	6 	10 	2383 	2225 		66.7 	107.1 	.461 	.362 	.580 	53.2 	53.9 	8.3 	15.7 	.538 	19.8 	32.6 	.339
325 	Vanderbilt 	30 	15 	15 	.500 	6.41 	6.95 	7 	11 	10 	6 	5 	9 	1934 	1950 		64.3 	99.5 	.416 	.372 	.524 	49.0 	58.7 	7.3 	13.9 	.490 	18.0 	30.1 	.274
326 	Vermont 	32 	22 	10 	.688 	4.81 	-4.83 	15 	1 	10 	2 	12 	8 	2278 	1937 		64.2 	110.5 	.473 	.291 	.572 	54.0 	54.4 	10.9 	11.9 	.527 	16.3 	32.9 	.346
327 	Villanova 	31 	28 	3 	.903 	20.68 	8.32 	16 	2 	15 	1 	13 	2 	2450 	2067 		67.5 	114.8 	.451 	.450 	.581 	52.7 	61.2 	10.0 	13.0 	.544 	15.2 	33.4 	.323
328 	Virginia Commonwealth 	31 	24 	7 	.774 	14.71 	4.68 	12 	4 	16 	0 	8 	7 	2343 	2032 		71.1 	105.1 	.366 	.340 	.513 	50.2 	49.9 	16.1 	10.1 	.479 	14.7 	34.9 	.247
329 	VMI 	31 	19 	12 	.613 	-6.82 	-7.34 	11 	5 	13 	2 	6 	10 	2718 	2531 		75.8 	112.9 	.333 	.399 	.537 	49.5 	44.2 	9.7 	15.5 	.504 	11.6 	34.2 	.235
330 	Virginia Tech 	30 	9 	21 	.300 	2.05 	6.15 	2 	16 	8 	10 	1 	11 	1897 	2020 		63.9 	97.7 	.381 	.362 	.504 	52.1 	50.9 	5.2 	13.8 	.471 	17.3 	32.4 	.248
331 	Virginia 	31 	25 	6 	.806 	18.03 	7.16 	16 	2 	15 	2 	10 	4 	2055 	1718 		60.8 	108.5 	.422 	.294 	.537 	55.0 	57.7 	9.0 	10.8 	.506 	14.4 	34.7 	.279
332 	Wagner 	31 	19 	12 	.613 	-3.49 	-6.39 	12 	4 	10 	3 	9 	9 	2217 	2122 		69.5 	102.1 	.367 	.273 	.510 	51.6 	45.9 	9.0 	14.9 	.465 	15.6 	34.5 	.268
333 	Wake Forest 	31 	16 	15 	.516 	5.81 	6.59 	6 	12 	14 	4 	2 	11 	2164 	2188 		67.6 	102.9 	.498 	.290 	.532 	49.0 	56.7 	8.3 	11.0 	.497 	16.0 	30.2 	.320
334 	Washington State 	30 	10 	20 	.333 	2.04 	7.77 	3 	15 	7 	8 	3 	12 	1871 	2007 		63.2 	98.0 	.365 	.440 	.505 	49.5 	49.9 	8.1 	10.1 	.473 	15.9 	28.4 	.238
335 	Washington 	31 	17 	14 	.548 	6.94 	6.94 	9 	9 	14 	4 	3 	10 	2323 	2323 		68.8 	108.0 	.370 	.296 	.544 	51.4 	51.8 	7.7 	7.0 	.499 	14.4 	32.4 	.281
336 	Weber State 	28 	17 	11 	.607 	-1.28 	-4.39 	14 	6 	12 	2 	5 	9 	2041 	1863 		64.8 	110.9 	.518 	.368 	.594 	52.8 	55.9 	6.4 	13.4 	.550 	17.3 	28.8 	.380
337 	West Virginia 	31 	17 	14 	.548 	13.18 	8.25 	9 	9 	12 	6 	5 	8 	2432 	2279 		68.8 	113.1 	.399 	.343 	.550 	49.8 	49.5 	9.1 	7.8 	.510 	12.0 	32.5 	.290
338 	Western Carolina 	34 	19 	15 	.559 	-6.56 	-6.24 	10 	6 	11 	3 	8 	12 	2524 	2469 		68.1 	107.4 	.369 	.346 	.526 	51.1 	47.8 	10.5 	12.4 	.486 	14.8 	36.2 	.265
339 	Western Illinois 	30 	10 	20 	.333 	-6.79 	-1.98 	4 	10 	7 	5 	3 	15 	1838 	1880 		62.5 	97.1 	.372 	.285 	.532 	49.6 	55.9 	9.5 	8.3 	.503 	19.0 	26.3 	.247
340 	Western Kentucky 	31 	20 	11 	.645 	-1.34 	-1.24 	12 	6 	13 	4 	7 	7 	2124 	2089 		66.6 	101.7 	.424 	.397 	.514 	52.7 	49.4 	7.6 	7.4 	.478 	17.0 	34.7 	.279
341 	Western Michigan 	30 	21 	9 	.700 	1.79 	-1.69 	14 	4 	13 	2 	8 	7 	2158 	2021 		66.8 	106.3 	.519 	.353 	.569 	51.5 	48.9 	8.9 	10.4 	.523 	18.8 	31.6 	.374
342 	Wichita State 	34 	34 	0 	1.000 	16.66 	1.60 	18 	0 	17 	0 	17 	0 	2566 	2026 		64.7 	116.2 	.476 	.365 	.568 	55.6 	54.4 	10.7 	15.0 	.523 	13.7 	35.5 	.347
343 	William & Mary 	32 	20 	12 	.625 	-1.18 	-1.98 	10 	6 	10 	4 	10 	8 	2340 	2281 		64.7 	112.6 	.398 	.421 	.587 	47.9 	56.0 	8.5 	10.7 	.560 	14.4 	24.8 	.276
344 	Winthrop 	33 	20 	13 	.606 	-6.58 	-6.71 	10 	6 	12 	3 	8 	10 	2442 	2355 		67.4 	107.7 	.402 	.372 	.556 	48.7 	46.0 	9.3 	7.7 	.519 	16.0 	29.3 	.286
345 	Wisconsin 	31 	25 	6 	.806 	18.69 	9.72 	12 	6 	14 	3 	11 	3 	2269 	1991 		63.8 	114.7 	.438 	.393 	.573 	50.9 	49.7 	7.9 	10.7 	.528 	11.5 	28.0 	.327
346 	Wofford 	32 	20 	12 	.625 	-4.34 	-6.62 	11 	5 	9 	4 	11 	8 	2165 	1997 		63.3 	106.5 	.336 	.300 	.533 	51.2 	52.3 	9.9 	4.4 	.507 	14.5 	31.9 	.223
347 	Wright State 	33 	20 	13 	.606 	0.53 	-2.57 	10 	6 	13 	2 	7 	11 	2229 	2050 		66.1 	102.2 	.437 	.340 	.562 	48.0 	59.3 	11.0 	9.0 	.517 	18.4 	24.7 	.323
348 	Wyoming 	31 	18 	13 	.581 	5.59 	2.69 	9 	9 	14 	4 	4 	9 	2020 	1905 		60.5 	106.0 	.464 	.343 	.579 	46.9 	57.2 	7.5 	12.4 	.540 	15.7 	18.8 	.333
349 	Xavier 	31 	20 	11 	.645 	13.24 	8.53 	10 	8 	15 	2 	5 	9 	2237 	2091 		66.1 	108.3 	.428 	.271 	.553 	53.5 	59.0 	9.0 	7.7 	.518 	16.5 	34.2 	.294
350 	Yale 	28 	15 	13 	.536 	-2.06 	-1.09 	9 	5 	8 	4 	7 	9 	1865 	1852 		64.8 	102.2 	.533 	.309 	.520 	53.5 	53.4 	9.4 	11.9 	.465 	17.2 	35.0 	.372
351 	Youngstown State 	32 	15 	17 	.469 	-1.90 	-0.87 	6 	10 	11 	4 	4 	13 	2461 	2370 		68.8 	109.6 	.403 	.391 	.567 	49.3 	59.7 	9.5 	7.7 	.527 	14.3 	27.5 	.296
