1 	Abilene Christian 	31 	11 	20 	.355 	-19.13 	-3.65 	2 	12 	11 	6 	0 	14 	2214 	2228 		737 	1664 	.443 	241 	599 	.402 	499 	666 	.749 	307 	1011 	402 	221 	72 	453 	641
2 	Air Force 	29 	12 	17 	.414 	-3.68 	2.25 	6 	12 	9 	9 	3 	8 	1921 	2013 		659 	1516 	.435 	212 	638 	.332 	391 	562 	.696 	257 	935 	406 	162 	91 	388 	540
3 	Akron 	31 	20 	11 	.645 	1.84 	-0.10 	12 	6 	14 	4 	6 	7 	2098 	2038 		726 	1696 	.428 	219 	637 	.344 	427 	683 	.625 	382 	1090 	348 	206 	132 	414 	552
4 	Alabama A&M 	28 	13 	15 	.464 	-13.69 	-9.65 	10 	8 	8 	4 	5 	11 	1818 	1905 		617 	1495 	.413 	177 	531 	.333 	407 	625 	.651 	269 	935 	361 	169 	112 	365 	611
5 	Alabama-Birmingham 	30 	18 	12 	.600 	1.56 	-0.40 	7 	9 	13 	7 	5 	5 	2196 	2100 		774 	1860 	.416 	149 	499 	.299 	499 	748 	.667 	496 	1344 	381 	163 	125 	390 	521
6 	Alabama State 	29 	18 	11 	.621 	-11.91 	-11.10 	12 	6 	13 	2 	5 	9 	2091 	2030 		731 	1728 	.423 	168 	572 	.294 	461 	683 	.675 	394 	1055 	382 	192 	108 	354 	523
7 	Alabama 	31 	13 	18 	.419 	9.01 	9.17 	7 	11 	13 	7 	0 	11 	2114 	2082 		723 	1619 	.447 	177 	527 	.336 	491 	711 	.691 	309 	1019 	343 	210 	136 	372 	596
8 	Albany (NY) 	31 	17 	14 	.548 	-3.94 	-5.91 	9 	7 	11 	3 	6 	11 	2044 	1983 		695 	1583 	.439 	152 	420 	.362 	502 	676 	.743 	324 	1074 	345 	168 	96 	394 	538
9 	Alcorn State 	30 	12 	18 	.400 	-15.03 	-8.59 	9 	9 	10 	5 	2 	13 	1934 	2037 		675 	1599 	.422 	135 	436 	.310 	449 	686 	.655 	284 	924 	275 	176 	111 	351 	557
10 	American 	31 	19 	12 	.613 	1.19 	-3.69 	13 	5 	11 	3 	8 	9 	1991 	1840 		718 	1456 	.493 	199 	522 	.381 	356 	504 	.706 	226 	931 	473 	191 	107 	429 	541
11 	Appalachian State 	30 	9 	21 	.300 	-15.19 	-7.00 	5 	11 	7 	8 	2 	13 	2034 	2152 		719 	1730 	.416 	151 	500 	.302 	445 	697 	.638 	392 	1091 	327 	187 	83 	362 	597
12 	Arizona State 	31 	21 	10 	.677 	14.88 	7.85 	10 	8 	17 	3 	4 	7 	2343 	2125 		789 	1746 	.452 	253 	652 	.388 	512 	741 	.691 	268 	1117 	442 	163 	180 	356 	600
13 	Arizona 	31 	28 	3 	.903 	23.77 	8.96 	15 	3 	20 	0 	8 	3 	2279 	1820 		814 	1743 	.467 	158 	448 	.353 	493 	748 	.659 	398 	1205 	468 	181 	133 	328 	512
14 	Arkansas-Little Rock 	30 	14 	16 	.467 	-5.48 	-0.48 	9 	9 	8 	7 	6 	9 	2100 	2194 		719 	1693 	.425 	150 	467 	.321 	512 	701 	.730 	332 	1075 	346 	181 	118 	399 	634
15 	Arkansas-Pine Bluff 	30 	13 	17 	.433 	-14.15 	-6.04 	11 	7 	7 	5 	6 	12 	1907 	2119 		642 	1552 	.414 	190 	544 	.349 	433 	658 	.658 	299 	919 	337 	286 	72 	463 	587
16 	Arkansas State 	30 	18 	12 	.600 	0.89 	-2.93 	10 	8 	11 	4 	7 	8 	2271 	2113 		745 	1663 	.448 	264 	685 	.385 	517 	705 	.733 	272 	1027 	397 	205 	78 	367 	524
17 	Arkansas 	31 	21 	10 	.677 	15.11 	5.72 	10 	8 	18 	4 	3 	6 	2499 	2208 		848 	1908 	.444 	238 	643 	.370 	565 	781 	.723 	367 	1115 	481 	269 	173 	365 	641
18 	Army 	31 	15 	16 	.484 	-5.69 	-4.19 	10 	8 	8 	7 	7 	9 	2244 	2269 		801 	1804 	.444 	236 	697 	.339 	406 	580 	.700 	352 	1043 	436 	187 	132 	401 	567
19 	Auburn 	29 	14 	15 	.483 	5.76 	5.52 	6 	12 	12 	7 	2 	8 	2088 	2081 		707 	1613 	.438 	167 	538 	.310 	507 	706 	.718 	323 	998 	343 	179 	125 	347 	622
20 	Austin Peay 	30 	12 	18 	.400 	-10.62 	-5.90 	6 	10 	9 	7 	3 	11 	2287 	2368 		797 	1632 	.488 	158 	459 	.344 	535 	804 	.665 	298 	999 	444 	206 	156 	471 	517
21 	Ball State 	30 	5 	25 	.167 	-9.44 	1.38 	2 	16 	5 	9 	0 	16 	1967 	2214 		651 	1601 	.407 	196 	625 	.314 	469 	679 	.691 	383 	1108 	375 	136 	70 	505 	615
22 	Baylor 	31 	21 	10 	.677 	15.44 	10.03 	9 	9 	16 	5 	5 	5 	2327 	2109 		791 	1742 	.454 	234 	605 	.387 	511 	768 	.665 	446 	1206 	470 	162 	172 	375 	544
23 	Belmont 	33 	24 	9 	.727 	2.46 	-2.55 	14 	2 	15 	2 	9 	7 	2646 	2452 		905 	1791 	.505 	293 	738 	.397 	543 	742 	.732 	275 	1012 	520 	222 	79 	425 	687
24 	Bethune-Cookman 	31 	7 	24 	.226 	-16.60 	-7.19 	5 	11 	5 	6 	2 	18 	1964 	2177 		662 	1655 	.400 	209 	584 	.358 	431 	602 	.716 	358 	974 	302 	193 	77 	399 	661
25 	Binghamton 	30 	7 	23 	.233 	-15.91 	-5.91 	4 	12 	3 	11 	4 	12 	1840 	2140 		591 	1554 	.380 	182 	569 	.320 	476 	687 	.693 	312 	970 	282 	184 	60 	428 	596
26 	Boise State 	31 	19 	12 	.613 	8.66 	4.59 	9 	9 	14 	5 	5 	7 	2366 	2163 		818 	1788 	.457 	243 	646 	.376 	487 	652 	.747 	342 	1066 	368 	186 	60 	309 	594
27 	Boston College 	31 	8 	23 	.258 	3.36 	9.06 	4 	14 	5 	12 	3 	11 	2127 	2281 		695 	1555 	.447 	241 	683 	.353 	496 	670 	.740 	261 	921 	387 	131 	86 	350 	583
28 	Boston University 	33 	24 	9 	.727 	2.55 	-2.57 	15 	3 	13 	5 	11 	4 	2394 	2225 		855 	1872 	.457 	270 	734 	.368 	414 	573 	.723 	319 	1113 	465 	233 	62 	394 	561
29 	Bowling Green State 	32 	12 	20 	.375 	-2.80 	0.46 	6 	12 	8 	9 	4 	11 	2007 	2055 		743 	1745 	.426 	120 	417 	.288 	401 	630 	.637 	338 	1131 	387 	246 	177 	469 	564
30 	Bradley 	32 	12 	20 	.375 	-2.34 	0.07 	7 	11 	11 	9 	1 	11 	2036 	2113 		721 	1720 	.419 	154 	479 	.322 	440 	628 	.701 	356 	1064 	306 	226 	84 	383 	635
31 	Brigham Young 	33 	23 	10 	.697 	12.85 	5.63 	13 	5 	18 	3 	5 	7 	2799 	2544 		971 	2066 	.470 	169 	467 	.362 	688 	999 	.689 	436 	1358 	524 	241 	101 	371 	641
32 	Brown 	28 	15 	13 	.536 	-1.09 	-3.90 	7 	7 	8 	5 	7 	8 	2000 	1883 		707 	1632 	.433 	190 	497 	.382 	396 	590 	.671 	312 	1108 	377 	159 	134 	363 	557
33 	Bryant 	32 	18 	14 	.563 	-3.92 	-4.57 	10 	6 	11 	5 	7 	9 	2351 	2304 		840 	1788 	.470 	201 	602 	.334 	470 	669 	.703 	308 	1095 	420 	207 	93 	397 	568
34 	Bucknell 	30 	16 	14 	.533 	-0.82 	-2.66 	11 	7 	8 	6 	8 	8 	1977 	1922 		698 	1627 	.429 	196 	502 	.390 	385 	516 	.746 	287 	1067 	357 	138 	49 	321 	500
35 	Buffalo 	28 	19 	9 	.679 	4.41 	-1.70 	13 	5 	13 	3 	6 	6 	2068 	1883 		709 	1574 	.450 	174 	531 	.328 	476 	666 	.715 	340 	1031 	422 	193 	129 	354 	515
36 	Butler 	30 	14 	16 	.467 	8.04 	7.94 	4 	14 	10 	9 	4 	7 	2075 	2013 		734 	1707 	.430 	181 	549 	.330 	426 	641 	.665 	331 	1039 	333 	181 	82 	298 	511
37 	Cal Poly 	29 	10 	19 	.345 	-2.13 	2.24 	6 	10 	7 	7 	3 	12 	1832 	1875 		645 	1588 	.406 	189 	562 	.336 	353 	512 	.689 	327 	939 	342 	176 	81 	269 	540
38 	Cal State Bakersfield 	30 	12 	18 	.400 	-4.59 	-3.97 	5 	11 	7 	8 	5 	10 	2084 	2059 		724 	1648 	.439 	210 	531 	.395 	426 	624 	.683 	355 	1042 	372 	198 	107 	417 	670
39 	Cal State Fullerton 	30 	11 	19 	.367 	-4.40 	-0.63 	6 	10 	8 	7 	3 	12 	2036 	2149 		714 	1666 	.429 	182 	549 	.332 	426 	645 	.660 	313 	1013 	332 	139 	54 	360 	586
40 	Cal State Northridge 	32 	15 	17 	.469 	-5.10 	-3.13 	7 	9 	12 	3 	3 	14 	2461 	2490 		813 	1784 	.456 	139 	370 	.376 	696 	886 	.786 	350 	1131 	437 	233 	90 	412 	658
41 	California-Davis 	31 	9 	22 	.290 	-10.90 	-1.11 	4 	12 	8 	9 	1 	13 	2174 	2408 		745 	1701 	.438 	245 	687 	.357 	439 	631 	.696 	255 	887 	372 	159 	70 	373 	606
42 	California-Irvine 	32 	22 	10 	.688 	5.14 	-0.26 	13 	3 	12 	4 	10 	6 	2293 	2059 		844 	1779 	.474 	182 	511 	.356 	423 	664 	.637 	345 	1238 	509 	182 	205 	402 	593
43 	California-Riverside 	30 	10 	20 	.333 	-6.76 	-1.98 	5 	11 	8 	7 	2 	13 	2074 	2151 		725 	1659 	.437 	135 	445 	.303 	489 	695 	.704 	307 	1018 	341 	195 	132 	396 	583
44 	California-Santa Barbara 	29 	21 	8 	.724 	6.18 	0.52 	12 	4 	12 	3 	9 	5 	2099 	1891 		715 	1525 	.469 	204 	527 	.387 	465 	653 	.712 	295 	1030 	467 	148 	140 	322 	547
45 	California 	31 	19 	12 	.613 	11.08 	8.02 	10 	8 	13 	6 	6 	6 	2260 	2165 		815 	1802 	.452 	175 	505 	.347 	455 	667 	.682 	331 	1121 	470 	165 	142 	316 	538
46 	Campbell 	32 	12 	20 	.375 	-14.15 	-7.44 	6 	10 	9 	8 	3 	12 	2164 	2291 		771 	1747 	.441 	278 	795 	.350 	344 	508 	.677 	345 	1049 	454 	193 	140 	427 	572
47 	Canisius 	33 	21 	12 	.636 	1.83 	-1.80 	14 	6 	12 	5 	9 	7 	2561 	2459 		876 	1917 	.457 	260 	678 	.383 	549 	741 	.741 	373 	1101 	410 	229 	124 	382 	590
48 	Central Arkansas 	29 	8 	21 	.276 	-15.78 	-5.08 	5 	13 	7 	8 	1 	13 	2165 	2360 		787 	1761 	.447 	191 	522 	.366 	400 	666 	.601 	323 	982 	368 	247 	137 	421 	634
49 	Central Connecticut State 	30 	11 	19 	.367 	-12.85 	-5.82 	7 	9 	5 	9 	6 	10 	2117 	2318 		781 	1794 	.435 	169 	504 	.335 	386 	538 	.717 	316 	1036 	391 	207 	146 	420 	557
50 	Central Florida 	29 	12 	17 	.414 	2.09 	5.12 	4 	14 	10 	7 	2 	10 	2101 	2130 		750 	1704 	.440 	202 	598 	.338 	399 	649 	.615 	410 	1103 	372 	200 	118 	397 	520
51 	Central Michigan 	31 	10 	21 	.323 	-8.23 	-2.13 	3 	15 	8 	8 	2 	13 	2246 	2288 		766 	1767 	.434 	249 	777 	.320 	465 	655 	.710 	330 	971 	371 	232 	36 	331 	561
52 	Charleston Southern 	31 	13 	18 	.419 	-5.30 	-5.78 	6 	10 	8 	6 	5 	12 	2523 	2242 		859 	1876 	.458 	302 	789 	.383 	503 	689 	.730 	366 	1160 	424 	202 	88 	334 	565
53 	Charlotte 	29 	16 	13 	.552 	-0.49 	-0.66 	7 	9 	13 	5 	3 	8 	2070 	2065 		739 	1658 	.446 	170 	483 	.352 	422 	644 	.655 	359 	1109 	400 	181 	75 	428 	525
54 	Chattanooga 	32 	18 	14 	.563 	-10.40 	-7.81 	12 	4 	13 	4 	5 	10 	2423 	2360 		810 	1852 	.437 	206 	620 	.332 	597 	845 	.707 	419 	1191 	378 	230 	160 	430 	617
55 	Chicago State 	31 	13 	18 	.419 	-10.02 	-1.91 	8 	8 	9 	5 	4 	13 	2170 	2371 		766 	1825 	.420 	212 	628 	.338 	426 	632 	.674 	316 	973 	347 	270 	81 	380 	709
56 	Cincinnati 	31 	26 	5 	.839 	15.95 	4.91 	15 	3 	19 	2 	7 	3 	2151 	1809 		740 	1730 	.428 	182 	545 	.334 	489 	683 	.716 	418 	1128 	397 	247 	170 	344 	545
57 	Citadel 	33 	7 	26 	.212 	-17.47 	-6.61 	2 	14 	7 	10 	0 	16 	2211 	2453 		764 	1778 	.430 	210 	582 	.361 	473 	655 	.722 	295 	1092 	442 	137 	95 	412 	630
58 	Clemson 	30 	19 	11 	.633 	11.07 	5.44 	10 	8 	15 	4 	4 	7 	1896 	1727 		659 	1580 	.417 	157 	514 	.305 	421 	574 	.733 	351 	1076 	310 	144 	175 	332 	475
59 	Cleveland State 	32 	21 	11 	.656 	4.92 	-0.21 	12 	4 	12 	4 	9 	7 	2348 	2122 		813 	1726 	.471 	235 	575 	.409 	487 	649 	.750 	336 	1082 	454 	192 	111 	404 	630
60 	Coastal Carolina 	33 	21 	12 	.636 	-5.64 	-7.14 	11 	5 	15 	5 	6 	7 	2399 	2256 		840 	1919 	.438 	203 	609 	.333 	516 	744 	.694 	429 	1308 	349 	211 	94 	465 	649
61 	Colgate 	31 	13 	18 	.419 	-2.11 	-3.68 	6 	12 	7 	8 	6 	10 	2158 	2083 		785 	1622 	.484 	260 	657 	.396 	328 	459 	.715 	220 	954 	440 	143 	70 	355 	529
62 	College of Charleston 	32 	14 	18 	.438 	-1.70 	-1.57 	6 	10 	9 	9 	5 	9 	2016 	2006 		709 	1719 	.412 	209 	613 	.341 	389 	593 	.656 	392 	1213 	324 	149 	132 	409 	595
63 	Colorado State 	31 	16 	15 	.516 	3.92 	2.61 	7 	11 	14 	6 	2 	9 	2278 	2157 		743 	1735 	.428 	167 	505 	.331 	625 	859 	.728 	393 	1166 	394 	154 	96 	287 	574
64 	Colorado 	31 	21 	10 	.677 	12.58 	8.93 	10 	8 	16 	3 	5 	7 	2248 	2135 		738 	1676 	.440 	165 	516 	.320 	607 	841 	.722 	364 	1175 	369 	195 	110 	414 	524
65 	Columbia 	31 	19 	12 	.613 	2.44 	-1.69 	8 	6 	15 	4 	4 	8 	2117 	1967 		678 	1521 	.446 	246 	648 	.380 	515 	669 	.770 	262 	1026 	371 	158 	91 	381 	583
66 	Connecticut 	31 	24 	7 	.774 	15.62 	6.40 	12 	6 	17 	3 	7 	4 	2252 	1966 		760 	1704 	.446 	221 	576 	.384 	511 	670 	.763 	318 	1098 	389 	223 	190 	354 	566
67 	Coppin State 	29 	10 	19 	.345 	-10.84 	-4.16 	7 	9 	5 	9 	5 	10 	2009 	2179 		653 	1677 	.389 	213 	662 	.322 	490 	662 	.740 	338 	970 	336 	173 	61 	340 	492
68 	Cornell 	28 	2 	26 	.071 	-15.36 	0.27 	1 	13 	2 	11 	0 	15 	1795 	2195 		652 	1588 	.411 	192 	603 	.318 	299 	450 	.664 	292 	880 	300 	117 	78 	337 	581
69 	Creighton 	30 	24 	6 	.800 	20.31 	7.75 	14 	4 	16 	2 	8 	4 	2397 	2020 		827 	1667 	.496 	309 	735 	.420 	434 	579 	.750 	255 	1042 	538 	128 	43 	300 	530
70 	Dartmouth 	28 	12 	16 	.429 	-4.49 	-2.88 	5 	9 	8 	7 	4 	9 	1905 	1864 		673 	1516 	.444 	174 	459 	.379 	385 	561 	.686 	300 	927 	352 	166 	86 	336 	561
71 	Davidson 	32 	20 	12 	.625 	0.98 	-3.95 	15 	1 	10 	8 	10 	4 	2514 	2319 		868 	1810 	.480 	264 	697 	.379 	514 	722 	.712 	311 	1054 	437 	174 	58 	368 	641
72 	Dayton 	31 	22 	9 	.710 	9.99 	4.19 	10 	6 	14 	4 	8 	5 	2268 	2088 		790 	1710 	.462 	201 	536 	.375 	487 	707 	.689 	373 	1092 	404 	182 	86 	378 	625
73 	Delaware State 	29 	9 	20 	.310 	-12.26 	-5.63 	5 	11 	7 	8 	2 	12 	1786 	1881 		629 	1482 	.424 	151 	475 	.318 	377 	549 	.687 	285 	907 	360 	148 	101 	340 	519
74 	Delaware 	34 	25 	9 	.735 	3.05 	-1.33 	14 	2 	13 	2 	12 	7 	2704 	2555 		916 	2053 	.446 	244 	707 	.345 	628 	886 	.709 	378 	1240 	370 	204 	122 	326 	641
75 	Denver 	31 	16 	15 	.516 	1.43 	0.16 	8 	6 	10 	7 	6 	8 	2044 	1999 		711 	1535 	.463 	253 	654 	.387 	369 	520 	.710 	226 	808 	466 	217 	102 	307 	620
76 	DePaul 	31 	11 	20 	.355 	2.12 	7.90 	3 	15 	8 	11 	3 	9 	2168 	2347 		742 	1747 	.425 	184 	539 	.341 	500 	734 	.681 	383 	1061 	346 	210 	137 	426 	679
77 	Detroit Mercy 	32 	13 	19 	.406 	-2.89 	0.11 	6 	10 	8 	7 	5 	12 	2275 	2267 		778 	1863 	.418 	191 	595 	.321 	528 	724 	.729 	399 	1174 	370 	235 	146 	408 	681
78 	Drake 	31 	15 	16 	.484 	-0.43 	1.37 	6 	12 	10 	7 	5 	9 	2116 	2115 		720 	1592 	.452 	239 	603 	.396 	437 	612 	.714 	263 	1009 	395 	171 	67 	370 	571
79 	Drexel 	30 	16 	14 	.533 	1.54 	0.08 	8 	8 	9 	5 	7 	9 	2064 	2020 		718 	1707 	.421 	154 	491 	.314 	474 	669 	.709 	315 	1071 	353 	137 	117 	255 	638
80 	Duke 	31 	24 	7 	.774 	21.18 	8.50 	13 	5 	19 	1 	5 	6 	2473 	2080 		833 	1791 	.465 	283 	720 	.393 	524 	718 	.730 	369 	1077 	459 	221 	100 	304 	599
81 	Duquesne 	29 	13 	16 	.448 	1.25 	1.22 	5 	11 	6 	10 	7 	6 	2136 	2135 		724 	1635 	.443 	212 	576 	.368 	476 	709 	.671 	312 	1026 	442 	168 	81 	322 	519
82 	East Carolina 	31 	16 	15 	.516 	-3.39 	-2.28 	5 	11 	13 	6 	3 	9 	2271 	2185 		742 	1680 	.442 	259 	710 	.365 	528 	739 	.714 	326 	1066 	428 	198 	100 	357 	535
83 	East Tennessee State 	33 	18 	15 	.545 	-6.21 	-6.15 	10 	8 	13 	5 	5 	10 	2533 	2514 		823 	1913 	.430 	262 	719 	.364 	625 	836 	.748 	339 	1147 	405 	253 	98 	394 	661
84 	Eastern Illinois 	30 	11 	19 	.367 	-11.60 	-4.28 	7 	9 	7 	8 	4 	11 	2030 	2206 		703 	1598 	.440 	152 	476 	.319 	472 	660 	.715 	315 	971 	359 	171 	144 	399 	576
85 	Eastern Kentucky 	33 	24 	9 	.727 	0.07 	-5.38 	11 	5 	15 	3 	9 	6 	2608 	2331 		859 	1753 	.490 	303 	776 	.390 	587 	782 	.751 	235 	865 	484 	291 	66 	352 	686
86 	Eastern Michigan 	32 	19 	13 	.594 	3.29 	1.50 	10 	8 	15 	3 	4 	10 	2143 	1976 		727 	1751 	.415 	159 	515 	.309 	528 	785 	.673 	379 	1158 	352 	270 	191 	393 	600
87 	Eastern Washington 	31 	15 	16 	.484 	-4.72 	-3.55 	10 	10 	11 	4 	4 	12 	2362 	2329 		813 	1791 	.454 	251 	677 	.371 	485 	700 	.693 	329 	1133 	417 	147 	133 	373 	603
88 	Elon 	32 	18 	14 	.563 	-3.69 	-4.17 	11 	5 	11 	5 	7 	9 	2392 	2281 		837 	1789 	.468 	256 	683 	.375 	462 	639 	.723 	290 	1086 	442 	161 	93 	386 	576
89 	Evansville 	33 	14 	19 	.424 	-2.82 	1.50 	6 	12 	10 	8 	4 	11 	2290 	2383 		775 	1672 	.464 	144 	398 	.362 	596 	830 	.718 	276 	1057 	485 	166 	124 	423 	623
90 	Fairfield 	32 	7 	25 	.219 	-7.36 	-0.79 	4 	16 	5 	12 	2 	13 	2030 	2240 		697 	1753 	.398 	220 	660 	.333 	416 	607 	.685 	356 	1134 	360 	141 	117 	469 	734
91 	Fairleigh Dickinson 	31 	10 	21 	.323 	-10.83 	-3.66 	6 	10 	6 	7 	4 	14 	2157 	2358 		742 	1766 	.420 	226 	636 	.355 	447 	621 	.720 	328 	980 	339 	209 	122 	364 	660
92 	Florida A&M 	30 	13 	17 	.433 	-11.92 	-7.17 	8 	8 	10 	3 	3 	14 	2148 	2228 		764 	1899 	.402 	198 	595 	.333 	422 	643 	.656 	455 	1187 	345 	218 	126 	440 	716
93 	Florida Atlantic 	31 	10 	21 	.323 	-4.65 	0.07 	5 	11 	7 	10 	3 	11 	2061 	2129 		728 	1715 	.424 	203 	611 	.332 	402 	624 	.644 	387 	1144 	374 	149 	146 	402 	585
94 	Florida Gulf Coast 	34 	22 	12 	.647 	-2.29 	-6.36 	14 	4 	16 	3 	6 	9 	2451 	2281 		893 	1905 	.469 	194 	589 	.329 	471 	699 	.674 	339 	1250 	438 	195 	124 	441 	611
95 	Florida International 	31 	15 	16 	.484 	-5.20 	-1.38 	7 	9 	10 	7 	5 	9 	2128 	2170 		754 	1681 	.449 	152 	481 	.316 	468 	698 	.670 	358 	1118 	336 	221 	130 	436 	560
96 	Florida State 	30 	18 	12 	.600 	13.15 	7.92 	9 	9 	12 	6 	6 	6 	2135 	1978 		733 	1575 	.465 	158 	425 	.372 	511 	704 	.726 	325 	1047 	331 	179 	166 	413 	545
97 	Florida 	31 	29 	2 	.935 	20.54 	7.51 	18 	0 	19 	0 	10 	2 	2216 	1812 		760 	1643 	.463 	209 	582 	.359 	487 	724 	.673 	370 	1116 	419 	218 	91 	350 	496
98 	Fordham 	29 	9 	20 	.310 	-3.16 	3.22 	2 	14 	7 	8 	2 	12 	2080 	2265 		717 	1811 	.396 	206 	669 	.308 	440 	598 	.736 	411 	1070 	355 	199 	117 	336 	580
99 	Fresno State 	31 	16 	15 	.516 	4.23 	4.82 	9 	9 	11 	5 	5 	10 	2281 	2204 		774 	1760 	.440 	240 	669 	.359 	493 	678 	.727 	295 	1073 	382 	202 	133 	304 	596
100 	Furman 	30 	9 	21 	.300 	-17.27 	-7.23 	3 	13 	6 	9 	3 	12 	1955 	2196 		680 	1540 	.442 	164 	492 	.333 	431 	633 	.681 	270 	940 	288 	147 	85 	407 	509
101 	Gardner-Webb 	33 	18 	15 	.545 	-7.30 	-6.87 	10 	6 	11 	6 	7 	9 	2425 	2309 		848 	1895 	.447 	175 	516 	.339 	554 	807 	.686 	401 	1182 	498 	252 	104 	405 	607
102 	George Mason 	30 	11 	19 	.367 	2.72 	5.26 	5 	12 	7 	11 	4 	8 	2087 	2163 		731 	1655 	.442 	147 	419 	.351 	478 	673 	.710 	323 	1032 	329 	160 	104 	412 	625
103 	George Washington 	30 	23 	7 	.767 	11.35 	4.01 	11 	5 	16 	2 	7 	5 	2209 	1989 		764 	1649 	.463 	171 	468 	.365 	510 	777 	.656 	359 	1129 	422 	209 	127 	384 	544
104 	Georgetown 	30 	17 	13 	.567 	12.13 	9.06 	8 	10 	15 	5 	2 	8 	2121 	2029 		729 	1578 	.462 	159 	485 	.328 	504 	703 	.717 	299 	1005 	397 	177 	133 	357 	659
105 	Georgia Southern 	34 	15 	19 	.441 	-11.21 	-8.37 	6 	10 	8 	8 	7 	11 	2406 	2395 		840 	1927 	.436 	242 	716 	.338 	484 	731 	.662 	372 	1197 	327 	233 	56 	405 	589
106 	Georgia State 	31 	24 	7 	.774 	6.13 	-2.87 	17 	1 	14 	0 	10 	7 	2422 	2125 		823 	1746 	.471 	234 	613 	.382 	542 	702 	.772 	257 	977 	415 	246 	151 	260 	539
107 	Georgia Tech 	31 	15 	16 	.484 	5.39 	5.48 	6 	12 	10 	9 	5 	7 	2062 	2065 		749 	1725 	.434 	162 	514 	.315 	402 	587 	.685 	343 	1109 	415 	162 	131 	377 	542
108 	Georgia 	30 	18 	12 	.600 	8.18 	5.41 	12 	6 	14 	4 	4 	8 	2076 	1993 		687 	1556 	.442 	150 	422 	.355 	552 	820 	.673 	361 	1126 	313 	145 	143 	387 	566
109 	Gonzaga 	33 	27 	6 	.818 	16.04 	4.76 	15 	3 	18 	1 	9 	5 	2540 	2147 		900 	1811 	.497 	234 	596 	.393 	506 	709 	.714 	322 	1184 	483 	219 	133 	373 	595
110 	Grambling 	27 	4 	23 	.148 	-24.51 	-8.35 	3 	15 	3 	8 	1 	15 	1765 	2162 		605 	1464 	.413 	171 	528 	.324 	384 	585 	.656 	291 	829 	282 	163 	55 	403 	519
111 	Grand Canyon 	29 	15 	14 	.517 	-6.19 	-3.27 	10 	6 	10 	5 	5 	9 	2096 	2083 		650 	1505 	.432 	195 	566 	.345 	601 	810 	.742 	278 	1031 	368 	118 	81 	364 	587
112 	Green Bay 	30 	24 	6 	.800 	8.15 	0.26 	14 	2 	15 	4 	9 	2 	2239 	1919 		789 	1668 	.473 	147 	411 	.358 	514 	728 	.706 	339 	1111 	463 	215 	220 	372 	501
113 	Hampton 	29 	18 	11 	.621 	-4.86 	-8.14 	13 	4 	9 	5 	9 	6 	2120 	2025 		701 	1660 	.422 	158 	492 	.321 	560 	856 	.654 	369 	1108 	351 	224 	179 	433 	675
114 	Hartford 	33 	17 	16 	.515 	-6.40 	-5.95 	10 	6 	9 	7 	8 	9 	2162 	2177 		731 	1593 	.459 	265 	704 	.376 	435 	619 	.703 	230 	909 	402 	185 	68 	458 	632
115 	Harvard 	30 	26 	4 	.867 	10.82 	-1.32 	13 	1 	13 	1 	13 	3 	2209 	1815 		745 	1594 	.467 	172 	444 	.387 	547 	753 	.726 	318 	1027 	432 	235 	149 	342 	534
116 	Hawaii 	30 	20 	10 	.667 	4.39 	-1.00 	9 	7 	14 	6 	6 	4 	2395 	2183 		838 	1770 	.473 	170 	506 	.336 	549 	761 	.721 	386 	1085 	421 	184 	107 	355 	581
117 	High Point 	30 	16 	14 	.533 	-8.74 	-5.88 	12 	4 	10 	4 	6 	10 	2122 	2165 		777 	1644 	.473 	175 	459 	.381 	393 	535 	.735 	289 	954 	437 	181 	107 	361 	507
118 	Hofstra 	33 	10 	23 	.303 	-6.36 	-1.69 	5 	11 	8 	8 	2 	15 	2260 	2414 		750 	1788 	.419 	229 	685 	.334 	531 	806 	.659 	419 	1195 	355 	159 	106 	406 	646
119 	Holy Cross 	32 	19 	13 	.594 	-1.17 	-3.04 	12 	6 	9 	4 	10 	9 	2143 	2083 		722 	1680 	.430 	201 	574 	.350 	498 	685 	.727 	320 	1058 	361 	191 	122 	376 	548
120 	Houston Baptist 	31 	6 	25 	.194 	-16.94 	-4.94 	2 	16 	5 	10 	1 	15 	2091 	2373 		737 	1733 	.425 	157 	456 	.344 	460 	674 	.682 	350 	1111 	385 	157 	67 	484 	662
121 	Houston 	31 	16 	15 	.516 	2.77 	4.03 	8 	10 	13 	6 	3 	9 	2212 	2251 		783 	1709 	.458 	196 	539 	.364 	450 	669 	.673 	327 	1064 	457 	171 	172 	391 	564
122 	Howard 	31 	7 	24 	.226 	-15.96 	-4.99 	5 	11 	4 	7 	3 	17 	1921 	2205 		616 	1596 	.386 	168 	491 	.342 	521 	766 	.680 	362 	1035 	253 	195 	121 	516 	683
123 	Idaho State 	29 	11 	18 	.379 	-5.66 	-3.95 	8 	12 	9 	4 	2 	14 	2054 	2036 		694 	1547 	.449 	166 	453 	.366 	500 	701 	.713 	347 	1012 	342 	210 	78 	360 	525
124 	Idaho 	31 	14 	17 	.452 	-5.88 	-3.38 	7 	9 	9 	6 	5 	11 	2259 	2320 		772 	1722 	.448 	198 	559 	.354 	517 	759 	.681 	339 	1074 	354 	131 	58 	362 	647
125 	Illinois-Chicago 	31 	6 	25 	.194 	-6.79 	1.00 	1 	15 	4 	13 	2 	12 	2071 	2248 		714 	1696 	.421 	172 	525 	.328 	471 	660 	.714 	336 	1054 	346 	171 	55 	388 	672
126 	Illinois State 	31 	16 	15 	.516 	1.17 	2.10 	9 	9 	13 	5 	3 	10 	2135 	2146 		705 	1719 	.410 	230 	722 	.319 	495 	699 	.708 	300 	1064 	379 	244 	143 	386 	641
127 	Illinois 	31 	18 	13 	.581 	10.50 	8.57 	7 	11 	12 	7 	6 	6 	2006 	1946 		709 	1736 	.408 	188 	592 	.318 	400 	552 	.725 	345 	1056 	314 	190 	115 	327 	532
128 	Incarnate Word 	27 	21 	6 	.778 	-8.09 	-10.35 	9 	5 	14 	1 	7 	5 	2216 	1935 		771 	1581 	.488 	203 	522 	.389 	471 	688 	.685 	301 	1070 	426 	177 	115 	382 	480
129 	Indiana State 	33 	23 	10 	.697 	3.79 	0.98 	12 	6 	14 	4 	9 	6 	2345 	2237 		790 	1741 	.454 	213 	610 	.349 	552 	766 	.721 	291 	1097 	428 	191 	117 	370 	625
130 	Indiana 	31 	17 	14 	.548 	12.09 	6.93 	7 	11 	15 	5 	2 	9 	2258 	2098 		762 	1691 	.451 	170 	493 	.345 	564 	774 	.729 	385 	1207 	353 	187 	134 	466 	569
131 	Iona 	32 	22 	10 	.688 	5.85 	-0.43 	17 	3 	12 	3 	10 	7 	2672 	2471 		915 	1880 	.487 	330 	834 	.396 	512 	720 	.711 	280 	1058 	556 	212 	118 	337 	566
132 	Iowa State 	30 	23 	7 	.767 	18.80 	9.80 	11 	7 	16 	1 	7 	6 	2476 	2206 		875 	1872 	.467 	247 	729 	.339 	479 	695 	.689 	305 	1173 	558 	180 	92 	313 	522
133 	Iowa 	31 	20 	11 	.645 	20.22 	7.76 	9 	9 	15 	5 	5 	6 	2562 	2176 		875 	1863 	.470 	181 	505 	.358 	631 	865 	.729 	420 	1264 	505 	225 	157 	355 	559
134 	IPFW 	33 	24 	9 	.727 	0.46 	-3.84 	10 	4 	16 	2 	8 	7 	2525 	2298 		882 	1797 	.491 	263 	666 	.395 	498 	750 	.664 	344 	1115 	478 	231 	83 	413 	550
135 	IUPUI 	32 	6 	26 	.188 	-13.83 	-0.86 	1 	13 	5 	10 	1 	16 	2126 	2383 		782 	1784 	.438 	140 	450 	.311 	422 	569 	.742 	261 	995 	333 	161 	98 	354 	516
136 	Jackson State 	30 	11 	19 	.367 	-10.36 	-7.66 	7 	11 	6 	6 	5 	13 	1966 	2047 		684 	1648 	.415 	113 	393 	.288 	485 	667 	.727 	358 	1066 	281 	180 	93 	451 	686
137 	Jacksonville State 	31 	10 	21 	.323 	-11.95 	-5.12 	4 	12 	7 	6 	3 	15 	2014 	2176 		685 	1633 	.419 	175 	541 	.323 	469 	695 	.675 	336 	950 	366 	195 	110 	351 	601
138 	Jacksonville 	30 	12 	18 	.400 	-11.87 	-4.87 	8 	10 	10 	5 	2 	13 	2231 	2385 		756 	1729 	.437 	188 	553 	.340 	531 	749 	.709 	362 	1027 	393 	220 	105 	409 	565
139 	James Madison 	31 	11 	20 	.355 	-7.37 	-1.91 	6 	10 	6 	8 	5 	12 	1961 	2130 		647 	1582 	.409 	151 	553 	.273 	514 	750 	.685 	314 	1045 	272 	182 	96 	379 	607
140 	Kansas State 	31 	20 	11 	.645 	12.88 	8.55 	10 	8 	17 	2 	3 	9 	2146 	2012 		749 	1732 	.432 	185 	560 	.330 	463 	706 	.656 	391 	1123 	479 	191 	92 	381 	671
141 	Kansas 	31 	23 	8 	.742 	21.77 	11.90 	14 	4 	17 	2 	6 	6 	2467 	2161 		850 	1711 	.497 	175 	501 	.349 	592 	838 	.706 	368 	1177 	475 	184 	179 	409 	659
142 	Kennesaw State 	31 	6 	25 	.194 	-16.10 	-4.00 	3 	15 	4 	11 	2 	14 	2016 	2304 		708 	1676 	.422 	192 	559 	.343 	408 	628 	.650 	346 	1019 	344 	182 	95 	494 	673
143 	Kent State 	32 	16 	16 	.500 	-1.20 	-1.33 	7 	11 	11 	7 	5 	9 	2228 	2188 		766 	1787 	.429 	232 	670 	.346 	464 	660 	.703 	341 	1074 	361 	199 	108 	391 	670
144 	Kentucky 	31 	22 	9 	.710 	17.42 	8.19 	12 	6 	17 	3 	5 	6 	2366 	2080 		786 	1739 	.452 	154 	488 	.316 	640 	934 	.685 	459 	1278 	355 	149 	191 	385 	584
145 	La Salle 	30 	15 	15 	.500 	4.67 	5.00 	7 	9 	11 	7 	4 	8 	2028 	2038 		694 	1695 	.409 	172 	526 	.327 	468 	660 	.709 	361 	1077 	374 	171 	104 	350 	482
146 	Lafayette 	31 	11 	20 	.355 	-7.16 	-2.89 	6 	12 	6 	7 	5 	13 	2212 	2315 		781 	1661 	.470 	231 	580 	.398 	419 	563 	.744 	264 	927 	400 	162 	66 	384 	555
147 	Lamar 	30 	4 	26 	.133 	-16.15 	-5.59 	3 	15 	3 	11 	1 	15 	2001 	2318 		711 	1628 	.437 	97 	315 	.308 	482 	648 	.744 	278 	945 	361 	160 	86 	420 	554
148 	Lehigh 	32 	14 	18 	.438 	-6.13 	-3.44 	7 	11 	10 	6 	4 	12 	2121 	2207 		758 	1756 	.432 	199 	555 	.359 	406 	574 	.707 	280 	1067 	416 	159 	112 	384 	572
149 	Liberty 	32 	11 	21 	.344 	-10.30 	-7.51 	5 	11 	8 	9 	3 	12 	2250 	2234 		816 	1781 	.458 	180 	502 	.359 	438 	622 	.704 	403 	1186 	423 	150 	110 	424 	564
150 	Lipscomb 	30 	15 	15 	.500 	-8.33 	-5.26 	10 	8 	7 	5 	8 	10 	2276 	2355 		727 	1683 	.432 	275 	778 	.353 	547 	800 	.684 	291 	991 	416 	202 	57 	376 	661
151 	Long Beach State 	30 	14 	16 	.467 	2.36 	3.89 	10 	6 	9 	6 	5 	10 	2093 	2117 		774 	1800 	.430 	177 	574 	.308 	368 	554 	.664 	410 	1113 	375 	181 	74 	368 	538
152 	Long Island University 	29 	9 	20 	.310 	-13.33 	-5.23 	4 	12 	5 	7 	4 	13 	2080 	2315 		707 	1653 	.428 	218 	631 	.345 	448 	625 	.717 	325 	1001 	407 	125 	66 	371 	509
153 	Longwood 	32 	8 	24 	.250 	-20.28 	-5.53 	3 	13 	5 	11 	3 	13 	2235 	2570 		812 	1845 	.440 	180 	513 	.351 	431 	591 	.729 	309 	998 	430 	216 	58 	408 	623
154 	Louisiana-Lafayette 	31 	20 	11 	.645 	3.13 	-0.59 	11 	7 	14 	2 	6 	9 	2523 	2319 		872 	1867 	.467 	216 	596 	.362 	563 	832 	.677 	422 	1171 	417 	229 	127 	432 	655
155 	Louisiana-Monroe 	26 	10 	16 	.385 	-4.63 	0.69 	7 	11 	6 	6 	4 	10 	1673 	1783 		604 	1409 	.429 	138 	428 	.322 	327 	517 	.632 	272 	904 	326 	151 	93 	348 	480
156 	Louisiana State 	30 	18 	12 	.600 	10.54 	6.28 	9 	9 	14 	4 	4 	8 	2267 	2139 		817 	1843 	.443 	197 	589 	.334 	436 	641 	.680 	407 	1199 	421 	237 	183 	418 	565
157 	Louisiana Tech 	31 	25 	6 	.806 	12.84 	-2.33 	13 	3 	15 	2 	10 	4 	2521 	2019 		872 	1906 	.458 	232 	722 	.321 	545 	800 	.681 	398 	1224 	499 	294 	163 	358 	586
158 	Louisville 	31 	26 	5 	.839 	24.12 	4.15 	15 	3 	16 	3 	10 	2 	2535 	1916 		892 	1876 	.475 	251 	671 	.374 	500 	765 	.654 	419 	1162 	484 	309 	148 	325 	618
159 	Loyola (IL) 	32 	10 	22 	.313 	-4.48 	-0.87 	4 	14 	9 	6 	1 	16 	2105 	2199 		744 	1609 	.462 	191 	546 	.350 	426 	606 	.703 	266 	973 	419 	176 	82 	426 	622
160 	Loyola Marymount 	32 	13 	19 	.406 	0.05 	4.57 	4 	14 	9 	8 	4 	11 	2345 	2468 		838 	1916 	.437 	141 	479 	.294 	528 	693 	.762 	385 	1081 	404 	227 	118 	389 	645
161 	Loyola (MD) 	30 	11 	19 	.367 	-10.21 	-2.87 	6 	12 	7 	7 	4 	12 	1957 	2158 		680 	1642 	.414 	145 	452 	.321 	452 	678 	.667 	329 	935 	336 	236 	128 	357 	584
162 	Maine 	29 	6 	23 	.207 	-17.36 	-4.50 	4 	12 	5 	10 	1 	13 	2091 	2404 		759 	1712 	.443 	182 	543 	.335 	391 	577 	.678 	271 	966 	418 	220 	66 	438 	606
163 	Manhattan 	32 	25 	7 	.781 	5.72 	-1.66 	15 	5 	11 	3 	14 	4 	2476 	2240 		805 	1786 	.451 	205 	559 	.367 	661 	998 	.662 	408 	1203 	422 	265 	195 	453 	772
164 	Marist 	31 	12 	19 	.387 	-4.92 	-1.24 	9 	11 	9 	7 	3 	12 	2119 	2233 		709 	1736 	.408 	201 	580 	.347 	500 	700 	.714 	334 	1057 	342 	202 	122 	384 	583
165 	Marquette 	31 	17 	14 	.548 	11.01 	7.34 	9 	9 	12 	6 	5 	8 	2245 	2131 		774 	1755 	.441 	149 	469 	.318 	548 	792 	.692 	373 	1138 	459 	199 	97 	368 	611
166 	Marshall 	31 	10 	21 	.323 	-3.80 	-0.87 	4 	12 	8 	9 	2 	12 	2264 	2243 		792 	1824 	.434 	192 	615 	.312 	488 	782 	.624 	397 	1159 	387 	201 	118 	402 	615
167 	Maryland-Baltimore County 	30 	9 	21 	.300 	-13.89 	-6.23 	5 	11 	8 	5 	1 	16 	1968 	2185 		669 	1667 	.401 	173 	570 	.304 	457 	698 	.655 	342 	1017 	355 	240 	84 	450 	702
168 	Maryland-Eastern Shore 	30 	6 	24 	.200 	-16.71 	-6.28 	4 	12 	5 	9 	1 	15 	1996 	2251 		656 	1637 	.401 	180 	558 	.323 	504 	699 	.721 	354 	979 	339 	196 	62 	379 	584
169 	Maryland 	31 	17 	14 	.548 	11.55 	8.13 	9 	9 	14 	4 	3 	10 	2205 	2099 		772 	1793 	.431 	218 	637 	.342 	443 	655 	.676 	377 	1174 	366 	191 	134 	396 	614
170 	Massachusetts-Lowell 	28 	10 	18 	.357 	-13.39 	-4.20 	8 	8 	6 	6 	4 	12 	1718 	1938 		570 	1447 	.394 	192 	588 	.327 	386 	548 	.704 	268 	880 	335 	166 	73 	377 	517
171 	Massachusetts 	30 	23 	7 	.767 	11.81 	5.97 	10 	6 	13 	2 	10 	5 	2293 	2118 		827 	1777 	.465 	164 	462 	.355 	475 	704 	.675 	364 	1156 	469 	197 	171 	404 	580
172 	McNeese State 	30 	11 	19 	.367 	-13.01 	-3.69 	9 	9 	8 	3 	3 	16 	2049 	2292 		711 	1793 	.397 	194 	642 	.302 	433 	625 	.693 	387 	1097 	359 	206 	114 	388 	536
173 	Memphis 	31 	23 	8 	.742 	13.99 	6.46 	12 	6 	17 	2 	6 	6 	2430 	2181 		893 	1842 	.485 	168 	499 	.337 	476 	727 	.655 	389 	1169 	550 	270 	150 	419 	565
174 	Mercer 	34 	26 	8 	.765 	5.03 	-4.71 	14 	4 	17 	1 	9 	7 	2695 	2256 		933 	1961 	.476 	277 	720 	.385 	552 	754 	.732 	395 	1290 	558 	205 	143 	406 	630
175 	Miami (FL) 	31 	16 	15 	.516 	8.23 	5.97 	7 	11 	8 	8 	8 	7 	1914 	1844 		674 	1603 	.420 	176 	539 	.327 	390 	574 	.679 	343 	1073 	327 	156 	117 	312 	491
176 	Miami (OH) 	30 	13 	17 	.433 	-3.63 	0.75 	8 	10 	8 	6 	5 	11 	1968 	2097 		703 	1607 	.437 	141 	476 	.296 	421 	558 	.754 	253 	931 	377 	265 	71 	410 	518
177 	Michigan State 	31 	23 	8 	.742 	19.52 	9.10 	12 	6 	15 	4 	8 	4 	2363 	2040 		844 	1788 	.472 	257 	651 	.395 	418 	601 	.696 	337 	1150 	534 	219 	146 	361 	590
178 	Michigan 	30 	23 	7 	.767 	19.66 	9.39 	15 	3 	14 	2 	9 	5 	2264 	1956 		782 	1628 	.480 	252 	635 	.397 	448 	587 	.763 	268 	969 	436 	155 	75 	281 	439
179 	Middle Tennessee 	31 	23 	8 	.742 	4.89 	-0.81 	13 	3 	14 	2 	9 	6 	2208 	1943 		770 	1697 	.454 	166 	490 	.339 	502 	753 	.667 	377 	1136 	417 	228 	146 	382 	620
180 	Milwaukee 	33 	20 	13 	.606 	-1.37 	-0.65 	7 	9 	9 	7 	11 	6 	2343 	2333 		768 	1768 	.434 	230 	712 	.323 	577 	790 	.730 	317 	1110 	451 	195 	82 	447 	597
181 	Minnesota 	31 	19 	12 	.613 	12.71 	8.81 	8 	10 	15 	4 	4 	8 	2231 	2099 		764 	1699 	.450 	217 	625 	.347 	486 	650 	.748 	338 	1071 	429 	236 	130 	371 	596
182 	Mississippi State 	31 	13 	18 	.419 	-1.14 	2.76 	3 	15 	13 	8 	0 	10 	2086 	2207 		734 	1673 	.439 	141 	471 	.299 	477 	720 	.663 	305 	1017 	372 	241 	85 	429 	538
183 	Mississippi Valley State 	31 	9 	22 	.290 	-20.20 	-7.60 	5 	13 	7 	4 	2 	18 	2230 	2503 		786 	1868 	.421 	195 	618 	.316 	463 	689 	.672 	353 	1073 	343 	239 	58 	454 	686
184 	Mississippi 	31 	18 	13 	.581 	8.03 	5.70 	9 	9 	13 	5 	5 	8 	2331 	2259 		784 	1883 	.416 	244 	706 	.346 	519 	745 	.697 	406 	1136 	391 	232 	176 	351 	587
185 	Missouri-Kansas City 	29 	10 	19 	.345 	-8.56 	-1.35 	7 	9 	5 	9 	5 	10 	2015 	2222 		705 	1647 	.428 	161 	529 	.304 	444 	701 	.633 	287 	955 	332 	212 	67 	385 	596
186 	Missouri State 	32 	20 	12 	.625 	1.06 	1.38 	9 	9 	15 	4 	5 	8 	2199 	2185 		737 	1707 	.432 	223 	621 	.359 	502 	710 	.707 	291 	1046 	385 	156 	93 	353 	638
187 	Missouri 	31 	21 	10 	.677 	10.99 	6.89 	9 	9 	17 	2 	4 	8 	2265 	2138 		740 	1616 	.458 	185 	530 	.349 	600 	812 	.739 	345 	1152 	325 	145 	104 	385 	593
188 	Monmouth 	32 	11 	21 	.344 	-6.83 	-2.77 	5 	15 	8 	9 	3 	12 	2208 	2338 		776 	1847 	.420 	177 	527 	.336 	479 	749 	.640 	413 	1184 	386 	222 	96 	462 	698
189 	Montana State 	31 	14 	17 	.452 	-10.04 	-5.18 	9 	11 	9 	5 	5 	12 	2109 	2165 		736 	1661 	.443 	185 	522 	.354 	452 	636 	.711 	267 	966 	325 	203 	50 	357 	561
190 	Montana 	29 	17 	12 	.586 	-3.43 	-4.43 	12 	8 	11 	3 	6 	9 	2060 	2000 		678 	1422 	.477 	221 	583 	.379 	483 	653 	.740 	203 	780 	329 	147 	73 	288 	591
191 	Morehead State 	33 	20 	13 	.606 	-1.76 	-3.34 	10 	6 	10 	5 	10 	8 	2536 	2406 		838 	1867 	.449 	180 	608 	.296 	680 	971 	.700 	467 	1269 	445 	264 	100 	516 	773
192 	Morgan State 	28 	13 	15 	.464 	-6.03 	-4.50 	11 	5 	7 	5 	6 	10 	1993 	2036 		718 	1681 	.427 	126 	486 	.259 	431 	711 	.606 	398 	1066 	353 	178 	142 	357 	580
193 	Mount St. Mary's 	31 	15 	16 	.484 	-6.36 	-4.03 	9 	7 	10 	3 	5 	13 	2352 	2424 		789 	1810 	.436 	276 	779 	.354 	498 	669 	.744 	314 	998 	364 	223 	95 	372 	587
194 	Murray State 	29 	18 	11 	.621 	-1.49 	-4.31 	13 	3 	13 	1 	5 	10 	2247 	2116 		758 	1597 	.475 	212 	563 	.377 	519 	788 	.659 	343 	1040 	375 	166 	112 	369 	554
195 	Navy 	30 	9 	21 	.300 	-11.56 	-5.07 	4 	14 	7 	6 	2 	15 	1820 	1957 		660 	1645 	.401 	201 	612 	.328 	299 	471 	.635 	335 	1006 	381 	195 	99 	376 	566
196 	Nebraska-Omaha 	30 	16 	14 	.533 	-0.13 	-2.13 	5 	9 	10 	4 	6 	10 	2405 	2243 		828 	1842 	.450 	210 	607 	.346 	539 	702 	.768 	313 	1024 	464 	250 	82 	373 	561
197 	Nebraska 	30 	19 	11 	.633 	10.95 	8.61 	11 	7 	15 	1 	4 	10 	2010 	1940 		674 	1570 	.429 	178 	523 	.340 	484 	677 	.715 	262 	1000 	288 	206 	90 	327 	603
198 	Nevada-Las Vegas 	31 	19 	12 	.613 	9.18 	2.89 	10 	8 	12 	7 	7 	5 	2233 	2038 		790 	1802 	.438 	184 	561 	.328 	469 	714 	.657 	397 	1247 	414 	153 	205 	346 	487
199 	Nevada 	31 	15 	16 	.484 	2.68 	3.81 	10 	8 	7 	9 	8 	7 	2254 	2289 		778 	1779 	.437 	209 	614 	.340 	489 	675 	.724 	343 	1084 	340 	153 	141 	324 	579
200 	New Hampshire 	30 	6 	24 	.200 	-13.69 	-5.62 	4 	12 	3 	12 	3 	12 	1735 	1945 		584 	1553 	.376 	211 	639 	.330 	356 	514 	.693 	286 	1026 	292 	121 	99 	392 	583
201 	New Mexico State 	32 	23 	9 	.719 	6.58 	-2.48 	12 	4 	15 	2 	8 	7 	2487 	2156 		835 	1710 	.488 	176 	478 	.368 	641 	941 	.681 	385 	1198 	421 	155 	207 	411 	547
202 	New Mexico 	30 	24 	6 	.800 	13.01 	4.75 	15 	3 	13 	2 	11 	4 	2236 	1988 		760 	1656 	.459 	177 	520 	.340 	539 	743 	.725 	320 	1144 	464 	150 	157 	311 	504
203 	New Orleans 	26 	11 	15 	.423 	-14.66 	-5.16 	8 	10 	6 	6 	5 	9 	1858 	1987 		615 	1434 	.429 	136 	402 	.338 	492 	722 	.681 	340 	968 	316 	172 	84 	437 	546
204 	Niagara 	33 	7 	26 	.212 	-8.08 	-1.26 	3 	17 	4 	12 	3 	14 	2484 	2709 		836 	1949 	.429 	166 	554 	.300 	646 	947 	.682 	409 	1132 	330 	230 	71 	450 	784
205 	Nicholls State 	27 	13 	14 	.481 	-12.68 	-7.14 	10 	8 	9 	2 	4 	12 	1843 	1962 		657 	1470 	.447 	162 	521 	.311 	367 	575 	.638 	263 	838 	353 	158 	72 	329 	638
206 	NJIT 	29 	13 	16 	.448 	-12.35 	-7.31 	0 	0 	7 	6 	6 	10 	2109 	2061 		728 	1638 	.444 	216 	578 	.374 	435 	603 	.721 	284 	990 	394 	187 	104 	379 	585
207 	Norfolk State 	31 	18 	13 	.581 	-7.63 	-7.52 	11 	5 	9 	5 	9 	8 	2272 	2225 		809 	1730 	.468 	174 	499 	.349 	480 	688 	.698 	391 	1102 	435 	191 	121 	418 	617
208 	North Carolina-Asheville 	32 	17 	15 	.531 	-6.79 	-5.48 	10 	6 	12 	3 	5 	12 	2486 	2424 		836 	1832 	.456 	223 	601 	.371 	591 	793 	.745 	385 	1202 	402 	207 	191 	438 	612
209 	North Carolina A&T 	31 	9 	22 	.290 	-16.05 	-6.91 	5 	11 	7 	5 	2 	17 	2042 	2289 		611 	1575 	.388 	167 	542 	.308 	653 	927 	.704 	369 	1112 	291 	148 	123 	473 	718
210 	North Carolina Central 	30 	25 	5 	.833 	3.02 	-8.55 	16 	1 	14 	0 	11 	5 	2207 	1777 		747 	1623 	.460 	156 	480 	.325 	557 	772 	.722 	359 	1068 	443 	245 	127 	350 	592
211 	North Carolina-Greensboro 	32 	14 	18 	.438 	-12.11 	-5.90 	7 	9 	10 	8 	4 	10 	2267 	2373 		808 	1835 	.440 	167 	488 	.342 	484 	704 	.688 	336 	1172 	380 	180 	75 	447 	681
212 	North Carolina State 	31 	19 	12 	.613 	8.04 	6.71 	9 	9 	13 	6 	6 	6 	2207 	2166 		819 	1789 	.458 	140 	462 	.303 	429 	655 	.655 	374 	1081 	396 	148 	130 	333 	580
213 	North Carolina-Wilmington 	32 	9 	23 	.281 	-8.47 	-0.50 	3 	13 	6 	8 	3 	15 	2018 	2221 		741 	1841 	.402 	139 	509 	.273 	397 	606 	.655 	390 	1148 	346 	191 	129 	367 	581
214 	North Carolina 	31 	23 	8 	.742 	15.58 	7.93 	13 	5 	16 	3 	7 	5 	2367 	2130 		862 	1855 	.465 	130 	383 	.339 	513 	822 	.624 	439 	1237 	486 	229 	151 	373 	618
215 	North Dakota State 	30 	24 	6 	.800 	6.93 	-0.51 	12 	2 	13 	1 	11 	5 	2308 	1969 		824 	1607 	.513 	163 	442 	.369 	497 	666 	.746 	289 	987 	358 	195 	133 	300 	538
216 	North Dakota 	30 	15 	15 	.500 	-5.93 	-3.08 	12 	8 	11 	4 	4 	11 	2226 	2219 		782 	1703 	.459 	184 	554 	.332 	478 	704 	.679 	325 	941 	374 	257 	83 	345 	612
217 	North Florida 	32 	16 	16 	.500 	-7.40 	-3.20 	10 	8 	9 	5 	7 	11 	2318 	2377 		789 	1784 	.442 	227 	633 	.359 	513 	725 	.708 	383 	1183 	401 	167 	126 	483 	600
218 	North Texas 	30 	15 	15 	.500 	-3.87 	-0.66 	6 	10 	9 	7 	6 	8 	2104 	2185 		736 	1741 	.423 	147 	444 	.331 	485 	725 	.669 	348 	1113 	306 	199 	105 	385 	607
219 	Northeastern 	32 	11 	21 	.344 	-2.72 	0.09 	7 	9 	4 	8 	7 	13 	2109 	2199 		734 	1692 	.434 	156 	481 	.324 	485 	752 	.645 	361 	1117 	371 	173 	110 	420 	553
220 	Northern Arizona 	31 	15 	16 	.484 	-5.94 	-3.71 	12 	8 	9 	4 	6 	12 	2084 	2127 		756 	1663 	.455 	163 	468 	.348 	409 	575 	.711 	332 	1023 	333 	193 	121 	390 	551
221 	Northern Colorado 	29 	17 	12 	.586 	-3.23 	-5.64 	11 	9 	13 	2 	4 	10 	2168 	2040 		787 	1594 	.494 	176 	453 	.389 	418 	607 	.689 	317 	944 	341 	168 	65 	336 	584
222 	Northern Illinois 	31 	15 	16 	.484 	-2.84 	-0.68 	8 	10 	10 	7 	5 	9 	1944 	1959 		631 	1608 	.392 	132 	477 	.277 	550 	806 	.682 	421 	1164 	262 	206 	101 	453 	621
223 	Northern Iowa 	31 	16 	15 	.516 	5.57 	3.14 	10 	8 	11 	3 	5 	12 	2256 	2149 		762 	1693 	.450 	264 	732 	.361 	468 	646 	.724 	272 	1022 	436 	175 	90 	330 	568
224 	Northern Kentucky 	30 	9 	21 	.300 	-10.51 	-4.95 	5 	13 	7 	9 	2 	12 	2044 	2211 		704 	1618 	.435 	228 	654 	.349 	408 	578 	.706 	286 	940 	334 	163 	89 	348 	624
225 	Northwestern State 	29 	16 	13 	.552 	-3.52 	-4.33 	12 	6 	10 	3 	6 	10 	2520 	2442 		904 	1915 	.472 	163 	489 	.333 	549 	741 	.741 	359 	1097 	488 	261 	156 	399 	599
226 	Northwestern 	31 	13 	18 	.419 	4.59 	8.34 	6 	12 	8 	10 	5 	8 	1846 	1962 		623 	1588 	.392 	199 	666 	.299 	401 	575 	.697 	239 	1021 	339 	135 	116 	336 	575
227 	Notre Dame 	31 	15 	16 	.484 	9.05 	7.21 	6 	12 	13 	7 	2 	9 	2234 	2177 		815 	1782 	.457 	222 	617 	.360 	382 	534 	.715 	335 	1058 	469 	180 	94 	325 	494
228 	Oakland 	33 	13 	20 	.394 	-1.83 	3.18 	7 	9 	10 	7 	3 	13 	2455 	2554 		821 	1890 	.434 	279 	754 	.370 	534 	731 	.731 	298 	1025 	522 	229 	61 	367 	658
229 	Ohio State 	31 	23 	8 	.742 	19.12 	8.22 	10 	8 	17 	3 	6 	5 	2170 	1832 		744 	1650 	.451 	185 	554 	.334 	497 	716 	.694 	300 	1042 	371 	235 	134 	341 	506
230 	Ohio 	32 	22 	10 	.688 	3.69 	-0.66 	11 	7 	12 	6 	10 	4 	2297 	2134 		813 	1771 	.459 	235 	672 	.350 	436 	618 	.706 	311 	1133 	476 	208 	139 	414 	626
231 	Oklahoma State 	31 	20 	11 	.645 	20.00 	8.39 	8 	10 	14 	3 	6 	8 	2501 	2141 		825 	1765 	.467 	221 	598 	.370 	630 	871 	.723 	299 	1108 	431 	232 	155 	331 	609
232 	Oklahoma 	31 	23 	8 	.742 	16.03 	9.39 	12 	6 	16 	3 	7 	5 	2556 	2350 		856 	1896 	.451 	261 	687 	.380 	583 	777 	.750 	365 	1171 	451 	213 	103 	357 	588
233 	Old Dominion 	31 	15 	16 	.484 	-1.68 	-0.55 	9 	7 	10 	8 	5 	8 	1972 	2007 		706 	1648 	.428 	160 	492 	.325 	400 	661 	.605 	366 	1103 	331 	193 	132 	417 	610
234 	Oral Roberts 	31 	16 	15 	.516 	-2.11 	-3.87 	10 	8 	9 	4 	7 	11 	2230 	2155 		783 	1696 	.462 	146 	412 	.354 	518 	714 	.725 	340 	1097 	380 	163 	137 	357 	609
235 	Oregon State 	30 	16 	14 	.533 	7.41 	6.64 	8 	10 	12 	4 	4 	10 	2259 	2236 		766 	1590 	.482 	168 	429 	.392 	559 	803 	.696 	297 	1045 	408 	150 	144 	406 	569
236 	Oregon 	30 	22 	8 	.733 	16.42 	7.89 	10 	8 	15 	3 	7 	5 	2468 	2212 		823 	1767 	.466 	231 	593 	.390 	591 	766 	.772 	325 	1043 	438 	242 	104 	351 	631
237 	Pacific 	30 	15 	15 	.500 	2.17 	4.69 	6 	12 	8 	7 	7 	8 	2176 	2238 		728 	1661 	.438 	192 	531 	.362 	528 	685 	.771 	335 	1041 	363 	152 	57 	367 	686
238 	Penn State 	31 	15 	16 	.484 	8.93 	8.09 	6 	12 	10 	8 	5 	8 	2232 	2206 		767 	1757 	.437 	194 	604 	.321 	504 	678 	.743 	316 	1078 	359 	139 	143 	328 	650
239 	Pennsylvania 	27 	8 	19 	.296 	-6.38 	0.25 	5 	8 	6 	8 	2 	11 	1846 	2025 		658 	1458 	.451 	135 	418 	.323 	395 	580 	.681 	257 	909 	393 	158 	93 	439 	612
240 	Pepperdine 	31 	15 	16 	.484 	1.42 	3.22 	8 	10 	8 	7 	7 	9 	2206 	2247 		773 	1701 	.454 	197 	551 	.358 	463 	661 	.700 	314 	1075 	428 	148 	134 	379 	584
241 	Pittsburgh 	31 	23 	8 	.742 	16.91 	6.81 	11 	7 	15 	5 	8 	3 	2252 	1939 		769 	1669 	.461 	160 	448 	.357 	554 	768 	.721 	378 	1117 	490 	215 	95 	328 	535
242 	Portland State 	29 	16 	13 	.552 	-6.34 	-5.26 	11 	9 	12 	5 	4 	8 	2122 	2082 		745 	1587 	.469 	181 	500 	.362 	451 	623 	.724 	263 	890 	392 	178 	63 	330 	558
243 	Portland 	31 	15 	16 	.484 	5.43 	2.40 	7 	11 	11 	6 	4 	10 	2327 	2233 		810 	1778 	.456 	191 	485 	.394 	516 	702 	.735 	339 	1116 	472 	184 	128 	366 	620
244 	Prairie View 	30 	8 	22 	.267 	-18.03 	-6.90 	6 	12 	6 	6 	2 	16 	2091 	2387 		724 	1748 	.414 	212 	615 	.345 	431 	670 	.643 	352 	1011 	320 	210 	68 	436 	662
245 	Presbyterian 	32 	6 	26 	.188 	-20.69 	-7.49 	2 	14 	5 	9 	1 	17 	2092 	2445 		772 	1724 	.448 	190 	538 	.353 	358 	529 	.677 	244 	980 	372 	141 	96 	398 	494
246 	Princeton 	27 	19 	8 	.704 	4.54 	-1.88 	7 	6 	10 	2 	9 	6 	1936 	1739 		641 	1430 	.448 	256 	701 	.365 	398 	551 	.722 	226 	885 	394 	170 	97 	301 	464
247 	Providence 	31 	20 	11 	.645 	11.46 	8.01 	10 	8 	14 	3 	6 	8 	2265 	2158 		753 	1772 	.425 	196 	563 	.348 	563 	719 	.783 	386 	1134 	432 	177 	155 	368 	538
248 	Purdue 	31 	15 	16 	.484 	8.45 	7.77 	5 	13 	13 	6 	2 	10 	2251 	2230 		798 	1868 	.427 	174 	528 	.330 	481 	717 	.671 	430 	1217 	406 	173 	161 	376 	641
249 	Quinnipiac 	31 	20 	11 	.645 	0.00 	-2.39 	14 	6 	10 	3 	10 	8 	2453 	2379 		811 	1909 	.425 	167 	473 	.353 	664 	929 	.715 	522 	1410 	396 	109 	143 	388 	608
250 	Radford 	33 	21 	12 	.636 	-7.98 	-9.05 	10 	6 	11 	4 	10 	8 	2574 	2426 		915 	1916 	.478 	201 	568 	.354 	543 	780 	.696 	374 	1155 	428 	236 	123 	365 	624
251 	Rhode Island 	31 	14 	17 	.452 	3.02 	3.29 	5 	12 	10 	6 	4 	11 	2108 	2113 		731 	1653 	.442 	148 	462 	.320 	498 	756 	.659 	350 	1119 	375 	152 	159 	434 	626
252 	Rice 	29 	7 	22 	.241 	-9.18 	0.11 	2 	14 	6 	10 	1 	12 	1791 	2020 		618 	1528 	.404 	227 	710 	.320 	328 	497 	.660 	224 	933 	403 	137 	56 	385 	549
253 	Richmond 	31 	18 	13 	.581 	5.99 	4.31 	8 	8 	12 	4 	6 	9 	2067 	2015 		708 	1673 	.423 	195 	612 	.319 	456 	683 	.668 	288 	1006 	327 	182 	134 	326 	608
254 	Rider 	31 	14 	17 	.452 	-4.28 	-1.64 	9 	11 	6 	7 	8 	10 	2292 	2374 		743 	1704 	.436 	237 	597 	.397 	569 	778 	.731 	338 	1040 	377 	188 	89 	409 	623
255 	Robert Morris 	33 	21 	12 	.636 	-3.19 	-4.01 	14 	2 	12 	2 	9 	10 	2362 	2335 		812 	1856 	.438 	241 	626 	.385 	497 	687 	.723 	358 	1101 	409 	234 	59 	372 	609
256 	Rutgers 	31 	11 	20 	.355 	1.01 	5.61 	5 	13 	10 	10 	1 	10 	2244 	2355 		789 	1832 	.431 	192 	564 	.340 	474 	673 	.704 	386 	1102 	404 	181 	132 	376 	638
257 	Sacramento State 	29 	14 	15 	.483 	-7.30 	-4.82 	10 	10 	11 	3 	3 	12 	1994 	2000 		710 	1544 	.460 	177 	479 	.370 	397 	552 	.719 	269 	913 	392 	155 	41 	328 	614
258 	Sacred Heart 	31 	5 	26 	.161 	-12.67 	-5.70 	2 	14 	1 	10 	4 	16 	2162 	2378 		758 	1836 	.413 	197 	603 	.327 	449 	655 	.685 	379 	1070 	388 	166 	65 	378 	618
259 	Saint Francis (PA) 	31 	10 	21 	.323 	-12.90 	-5.35 	7 	9 	5 	8 	5 	13 	1916 	2150 		675 	1649 	.409 	220 	688 	.320 	346 	539 	.642 	280 	934 	361 	176 	85 	333 	481
260 	Saint Joseph's 	30 	21 	9 	.700 	8.48 	4.58 	11 	5 	13 	4 	8 	5 	2150 	2033 		745 	1584 	.470 	222 	581 	.382 	438 	680 	.644 	295 	1067 	425 	137 	141 	375 	476
261 	Saint Louis 	31 	26 	5 	.839 	12.18 	3.55 	13 	3 	14 	4 	12 	1 	2172 	1888 		751 	1697 	.443 	174 	547 	.318 	496 	700 	.709 	315 	1125 	440 	229 	131 	390 	534
262 	Saint Mary's (CA) 	33 	22 	11 	.667 	9.53 	4.28 	11 	7 	15 	4 	7 	7 	2377 	2171 		780 	1724 	.452 	233 	609 	.383 	584 	825 	.708 	391 	1131 	412 	185 	109 	381 	632
263 	Saint Peter's 	31 	14 	17 	.452 	-5.83 	-3.22 	9 	11 	8 	5 	6 	12 	1961 	2042 		659 	1618 	.407 	163 	516 	.316 	480 	682 	.704 	329 	1053 	303 	199 	135 	373 	568
264 	Sam Houston State 	30 	21 	9 	.700 	-4.80 	-8.05 	13 	5 	12 	1 	9 	8 	2316 	2113 		771 	1660 	.464 	214 	549 	.390 	560 	852 	.657 	374 	1068 	480 	208 	98 	389 	659
265 	Samford 	33 	13 	20 	.394 	-14.73 	-7.23 	6 	10 	10 	4 	3 	16 	2327 	2521 		849 	1792 	.474 	161 	488 	.330 	468 	692 	.676 	299 	1058 	450 	185 	99 	421 	694
266 	San Diego State 	30 	27 	3 	.900 	14.76 	4.40 	16 	2 	15 	1 	12 	2 	2140 	1715 		739 	1682 	.439 	152 	427 	.356 	510 	782 	.652 	396 	1149 	303 	231 	162 	305 	493
267 	San Diego 	32 	16 	16 	.500 	2.85 	3.05 	7 	11 	10 	8 	6 	8 	2138 	2071 		738 	1658 	.445 	205 	547 	.375 	457 	661 	.691 	313 	1062 	357 	186 	122 	377 	592
268 	San Francisco 	32 	21 	11 	.656 	6.70 	4.74 	13 	5 	13 	5 	8 	6 	2406 	2286 		834 	1754 	.475 	221 	595 	.371 	517 	797 	.649 	357 	1136 	465 	172 	83 	373 	628
269 	San Jose State 	30 	7 	23 	.233 	-6.93 	3.35 	1 	17 	4 	9 	3 	14 	1886 	2139 		614 	1626 	.378 	261 	770 	.339 	397 	550 	.722 	301 	1061 	335 	129 	81 	399 	618
270 	Santa Clara 	33 	14 	19 	.424 	1.40 	3.53 	6 	12 	8 	8 	6 	11 	2340 	2325 		788 	1853 	.425 	248 	678 	.366 	516 	704 	.733 	343 	1057 	403 	200 	137 	329 	663
271 	Savannah State 	31 	13 	18 	.419 	-9.04 	-5.04 	10 	6 	8 	5 	5 	13 	1921 	2000 		674 	1604 	.420 	153 	490 	.312 	420 	642 	.654 	342 	1042 	324 	222 	153 	488 	653
272 	Seattle 	29 	13 	16 	.448 	-5.74 	-4.00 	5 	11 	7 	7 	6 	9 	2071 	2049 		734 	1729 	.425 	217 	636 	.341 	386 	593 	.651 	400 	1117 	386 	181 	89 	411 	637
273 	Seton Hall 	31 	15 	16 	.484 	8.05 	5.76 	6 	12 	11 	8 	4 	8 	2253 	2182 		744 	1630 	.456 	233 	642 	.363 	532 	737 	.722 	263 	1002 	417 	217 	90 	383 	619
274 	Siena 	32 	15 	17 	.469 	-2.34 	-0.62 	11 	9 	10 	4 	5 	13 	2237 	2292 		773 	1836 	.421 	139 	429 	.324 	552 	768 	.719 	451 	1209 	438 	188 	147 	453 	735
275 	South Alabama 	31 	11 	20 	.355 	-4.66 	-0.09 	5 	13 	10 	6 	1 	14 	2136 	2182 		716 	1776 	.403 	241 	724 	.333 	463 	679 	.682 	379 	1155 	349 	153 	123 	380 	621
276 	South Carolina State 	30 	9 	21 	.300 	-16.98 	-5.73 	5 	11 	7 	6 	2 	15 	1883 	2180 		676 	1709 	.396 	148 	524 	.282 	383 	587 	.652 	402 	1090 	364 	168 	99 	452 	577
277 	South Carolina Upstate 	33 	19 	14 	.576 	-2.05 	-4.82 	11 	7 	13 	2 	6 	12 	2432 	2286 		866 	1915 	.452 	207 	653 	.317 	493 	731 	.674 	418 	1261 	511 	223 	117 	399 	601
278 	South Carolina 	31 	12 	19 	.387 	4.81 	6.68 	5 	13 	9 	7 	3 	12 	2134 	2192 		711 	1698 	.419 	175 	473 	.370 	537 	766 	.701 	421 	1088 	382 	199 	121 	444 	708
279 	South Dakota State 	31 	19 	12 	.613 	0.81 	-1.27 	10 	4 	11 	3 	8 	9 	2250 	2126 		745 	1661 	.449 	200 	584 	.342 	560 	739 	.758 	302 	1097 	409 	170 	100 	367 	545
280 	South Dakota 	30 	12 	18 	.400 	-6.43 	-0.17 	6 	8 	10 	4 	2 	14 	2084 	2152 		713 	1613 	.442 	191 	539 	.354 	467 	622 	.751 	263 	983 	381 	163 	113 	371 	522
281 	South Florida 	31 	12 	19 	.387 	-0.17 	4.99 	3 	15 	7 	10 	5 	9 	2032 	2192 		727 	1677 	.434 	97 	372 	.261 	481 	722 	.666 	345 	1091 	389 	176 	115 	399 	544
282 	Southeast Missouri State 	32 	18 	14 	.563 	-5.55 	-6.65 	8 	8 	11 	4 	7 	10 	2654 	2514 		961 	1924 	.499 	218 	607 	.359 	514 	743 	.692 	360 	1191 	533 	228 	136 	419 	641
283 	Southeastern Louisiana 	29 	12 	17 	.414 	-12.46 	-7.13 	7 	11 	8 	5 	4 	12 	2021 	2101 		693 	1559 	.445 	198 	540 	.367 	437 	626 	.698 	248 	923 	346 	131 	120 	349 	573
284 	Southern California 	31 	11 	20 	.355 	3.19 	8.69 	2 	16 	9 	10 	2 	10 	2202 	2351 		779 	1769 	.440 	141 	479 	.294 	503 	751 	.670 	347 	1158 	393 	168 	134 	439 	610
285 	SIU Edwardsville 	31 	11 	20 	.355 	-10.56 	-5.29 	7 	9 	9 	6 	2 	14 	2264 	2364 		806 	1715 	.470 	223 	590 	.378 	429 	645 	.665 	298 	963 	436 	212 	94 	429 	627
286 	Southern Illinois 	33 	14 	19 	.424 	-0.22 	0.47 	9 	9 	10 	6 	4 	13 	2208 	2208 		781 	1717 	.455 	148 	449 	.330 	498 	741 	.672 	371 	1104 	330 	237 	70 	404 	632
287 	Southern Methodist 	31 	23 	8 	.742 	14.07 	4.55 	12 	6 	17 	2 	6 	6 	2220 	1925 		795 	1624 	.490 	140 	378 	.370 	490 	718 	.682 	333 	1129 	470 	233 	143 	428 	606
288 	Southern Mississippi 	31 	26 	5 	.839 	6.97 	-1.24 	13 	3 	14 	0 	12 	5 	2252 	1933 		746 	1604 	.465 	169 	478 	.354 	591 	859 	.688 	390 	1100 	444 	264 	66 	411 	639
289 	Southern Utah 	29 	2 	27 	.069 	-19.22 	-2.51 	1 	19 	2 	11 	0 	16 	1710 	2171 		591 	1462 	.404 	131 	401 	.327 	397 	576 	.689 	234 	827 	313 	129 	94 	403 	675
290 	Southern 	31 	19 	12 	.613 	-2.75 	-7.25 	15 	3 	10 	4 	9 	8 	2232 	1942 		802 	1763 	.455 	186 	540 	.344 	442 	704 	.628 	362 	1202 	409 	190 	154 	410 	663
291 	St. Bonaventure 	30 	16 	14 	.533 	6.20 	2.40 	6 	10 	11 	4 	5 	10 	2220 	2106 		785 	1715 	.458 	142 	441 	.322 	508 	714 	.711 	386 	1072 	412 	208 	128 	397 	615
292 	St. Francis (NY) 	32 	18 	14 	.563 	-4.34 	-5.60 	9 	7 	10 	3 	8 	11 	2207 	2139 		781 	1813 	.431 	195 	619 	.315 	450 	659 	.683 	383 	1189 	399 	181 	170 	421 	639
293 	St. John's (NY) 	31 	20 	11 	.645 	13.45 	7.48 	10 	8 	14 	5 	6 	6 	2251 	2066 		810 	1802 	.450 	143 	416 	.344 	488 	691 	.706 	345 	1130 	407 	210 	237 	339 	578
294 	Stanford 	30 	19 	11 	.633 	13.90 	8.77 	10 	8 	12 	4 	7 	7 	2214 	2060 		762 	1653 	.461 	176 	472 	.373 	514 	739 	.696 	301 	1066 	361 	155 	134 	338 	547
295 	Stephen F. Austin 	31 	29 	2 	.935 	4.58 	-8.22 	18 	0 	15 	0 	14 	2 	2371 	1940 		823 	1773 	.464 	217 	626 	.347 	508 	718 	.708 	406 	1049 	511 	235 	94 	348 	653
296 	Stetson 	31 	7 	24 	.226 	-15.77 	-4.93 	5 	13 	6 	7 	1 	17 	1916 	2252 		683 	1628 	.420 	159 	541 	.294 	391 	590 	.663 	294 	926 	370 	174 	116 	383 	529
297 	Stony Brook 	32 	23 	9 	.719 	-0.77 	-6.48 	13 	3 	12 	3 	11 	6 	2311 	2118 		818 	1789 	.457 	177 	486 	.364 	498 	693 	.719 	367 	1178 	415 	191 	97 	399 	603
298 	Syracuse 	31 	27 	4 	.871 	16.72 	7.68 	14 	4 	16 	2 	11 	2 	2118 	1838 		752 	1707 	.441 	156 	461 	.338 	458 	655 	.699 	407 	1092 	373 	251 	152 	278 	492
299 	Temple 	30 	9 	21 	.300 	3.10 	7.30 	4 	14 	4 	10 	5 	11 	2201 	2327 		794 	1857 	.428 	192 	576 	.333 	421 	588 	.716 	368 	1063 	399 	171 	103 	317 	550
300 	Tennessee-Martin 	31 	8 	23 	.258 	-13.38 	-4.76 	3 	13 	5 	10 	3 	13 	2304 	2526 		792 	1870 	.424 	218 	636 	.343 	502 	692 	.725 	350 	982 	426 	234 	82 	361 	654
301 	Tennessee State 	30 	5 	25 	.167 	-9.91 	-2.08 	4 	12 	3 	11 	2 	14 	2061 	2265 		707 	1647 	.429 	147 	502 	.293 	500 	714 	.700 	344 	1007 	314 	163 	84 	371 	641
302 	Tennessee Tech 	33 	17 	16 	.515 	-8.14 	-4.63 	9 	7 	10 	5 	7 	11 	2376 	2376 		822 	1810 	.454 	185 	565 	.327 	547 	808 	.677 	412 	1171 	408 	245 	154 	498 	729
303 	Tennessee 	31 	20 	11 	.645 	16.52 	7.05 	11 	7 	16 	4 	4 	7 	2246 	1915 		776 	1738 	.446 	185 	542 	.341 	509 	715 	.712 	437 	1214 	400 	161 	153 	326 	530
304 	Texas A&M-Corpus Christi 	31 	17 	14 	.548 	-5.62 	-6.75 	14 	4 	10 	7 	7 	7 	2145 	2083 		763 	1617 	.472 	130 	362 	.359 	489 	732 	.668 	348 	1055 	383 	210 	93 	384 	625
305 	Texas A&M 	31 	17 	14 	.548 	5.73 	3.69 	8 	10 	16 	3 	1 	11 	2002 	1939 		708 	1650 	.429 	177 	554 	.319 	409 	640 	.639 	290 	1043 	395 	199 	124 	347 	547
306 	Texas-Arlington 	30 	14 	16 	.467 	-4.63 	-0.45 	9 	9 	9 	5 	5 	11 	2290 	2332 		765 	1751 	.437 	241 	702 	.343 	519 	737 	.704 	356 	1118 	366 	159 	108 	414 	593
307 	Texas Christian 	30 	9 	21 	.300 	-1.08 	8.19 	0 	18 	6 	10 	3 	11 	1905 	2171 		630 	1570 	.401 	138 	435 	.317 	507 	690 	.735 	250 	906 	337 	173 	99 	353 	522
308 	Texas-El Paso 	31 	22 	9 	.710 	5.18 	0.25 	12 	4 	13 	5 	9 	4 	2158 	1959 		731 	1558 	.469 	138 	405 	.341 	558 	814 	.686 	314 	1131 	425 	158 	126 	418 	574
309 	Texas-Pan American 	31 	9 	22 	.290 	-9.88 	-4.12 	5 	11 	3 	10 	6 	12 	2038 	2179 		732 	1777 	.412 	149 	536 	.278 	425 	638 	.666 	344 	1044 	389 	216 	73 	386 	647
310 	Texas-San Antonio 	29 	8 	21 	.276 	-10.84 	-0.49 	4 	12 	7 	9 	1 	12 	1990 	2225 		629 	1493 	.421 	169 	521 	.324 	563 	814 	.692 	348 	1007 	305 	177 	54 	457 	594
311 	Texas Southern 	30 	16 	14 	.533 	-8.14 	-9.00 	12 	6 	9 	2 	7 	12 	2285 	2243 		759 	1651 	.460 	194 	536 	.362 	573 	802 	.714 	343 	1104 	425 	141 	105 	396 	480
312 	Texas State 	31 	8 	23 	.258 	-7.31 	-0.96 	4 	14 	6 	9 	2 	14 	1903 	2047 		697 	1604 	.435 	145 	474 	.306 	364 	549 	.663 	313 	1004 	344 	182 	87 	425 	561
313 	Texas Tech 	31 	14 	17 	.452 	9.47 	8.89 	6 	12 	11 	6 	3 	11 	2128 	2110 		759 	1664 	.456 	139 	445 	.312 	471 	649 	.726 	360 	1020 	358 	192 	115 	368 	583
314 	Texas 	31 	22 	9 	.710 	13.37 	9.01 	11 	7 	16 	2 	6 	7 	2311 	2176 		798 	1852 	.431 	157 	490 	.320 	558 	835 	.668 	465 	1297 	384 	185 	187 	387 	594
315 	Toledo 	31 	26 	5 	.839 	4.38 	-1.29 	14 	4 	15 	0 	11 	5 	2499 	2282 		857 	1820 	.471 	177 	500 	.354 	608 	831 	.732 	390 	1118 	472 	213 	89 	329 	540
316 	Towson 	33 	23 	10 	.697 	1.29 	-2.75 	13 	3 	15 	2 	8 	8 	2414 	2255 		786 	1735 	.453 	195 	548 	.356 	647 	935 	.692 	396 	1283 	331 	134 	159 	376 	663
317 	Troy 	30 	11 	19 	.367 	-5.19 	-2.26 	6 	12 	8 	7 	3 	12 	2060 	2097 		684 	1625 	.421 	213 	623 	.342 	479 	722 	.663 	357 	1061 	334 	177 	73 	385 	477
318 	Tulane 	31 	16 	15 	.516 	-7.85 	-1.65 	8 	8 	12 	6 	4 	9 	1994 	2170 		635 	1537 	.413 	182 	526 	.346 	542 	776 	.698 	329 	1043 	287 	147 	93 	393 	578
319 	Tulsa 	30 	18 	12 	.600 	5.92 	0.86 	13 	3 	11 	3 	7 	9 	2197 	2045 		743 	1686 	.441 	178 	547 	.325 	533 	788 	.676 	326 	1089 	395 	209 	118 	349 	651
320 	UCLA 	31 	23 	8 	.742 	17.73 	7.15 	12 	6 	16 	2 	7 	6 	2541 	2213 		903 	1859 	.486 	202 	514 	.393 	533 	710 	.751 	319 	1105 	536 	298 	91 	325 	555
321 	Utah State 	30 	17 	13 	.567 	6.10 	3.27 	7 	11 	13 	5 	4 	8 	2103 	1990 		746 	1631 	.457 	208 	511 	.407 	403 	547 	.737 	327 	1102 	490 	103 	113 	330 	534
322 	Utah Valley 	29 	19 	10 	.655 	-4.32 	-3.39 	13 	3 	13 	2 	6 	8 	1945 	1879 		649 	1518 	.428 	188 	548 	.343 	459 	606 	.757 	275 	990 	403 	148 	84 	324 	489
323 	Utah 	30 	20 	10 	.667 	14.65 	6.15 	9 	9 	18 	2 	2 	8 	2315 	1920 		817 	1644 	.497 	192 	545 	.352 	489 	663 	.738 	276 	1069 	474 	205 	143 	351 	504
324 	Valparaiso 	33 	18 	15 	.545 	0.46 	-0.07 	9 	7 	12 	5 	6 	10 	2383 	2225 		792 	1684 	.470 	228 	609 	.374 	571 	777 	.735 	324 	1190 	427 	185 	169 	500 	695
325 	Vanderbilt 	30 	15 	15 	.500 	6.41 	6.95 	7 	11 	10 	6 	5 	9 	1934 	1950 		664 	1542 	.431 	183 	574 	.319 	423 	642 	.659 	296 	1044 	390 	141 	135 	401 	525
326 	Vermont 	32 	22 	10 	.688 	4.81 	-4.83 	15 	1 	10 	2 	12 	8 	2278 	1937 		763 	1627 	.469 	189 	473 	.400 	563 	770 	.731 	319 	1113 	415 	224 	137 	382 	594
327 	Villanova 	31 	28 	3 	.903 	20.68 	8.32 	16 	2 	15 	1 	13 	2 	2450 	2067 		802 	1736 	.462 	285 	782 	.364 	561 	783 	.716 	350 	1149 	491 	213 	124 	372 	619
328 	Virginia Commonwealth 	31 	24 	7 	.774 	14.71 	4.68 	12 	4 	16 	0 	8 	7 	2343 	2032 		816 	1945 	.420 	230 	662 	.347 	481 	711 	.677 	437 	1163 	407 	358 	130 	388 	610
329 	VMI 	31 	19 	12 	.613 	-6.82 	-7.34 	11 	5 	13 	2 	6 	10 	2718 	2531 		962 	2186 	.440 	281 	873 	.322 	513 	729 	.704 	457 	1308 	425 	234 	204 	328 	581
330 	Virginia Tech 	30 	9 	21 	.300 	2.05 	6.15 	2 	16 	8 	10 	1 	11 	1897 	2020 		647 	1594 	.406 	207 	577 	.359 	396 	608 	.651 	333 	1114 	329 	100 	140 	389 	508
331 	Virginia 	31 	25 	6 	.806 	18.03 	7.16 	16 	2 	15 	2 	10 	4 	2055 	1718 		719 	1593 	.451 	173 	469 	.369 	444 	672 	.661 	341 	1112 	415 	171 	121 	317 	503
332 	Wagner 	31 	19 	12 	.613 	-3.49 	-6.39 	12 	4 	10 	3 	9 	9 	2217 	2122 		776 	1849 	.420 	169 	505 	.335 	496 	679 	.730 	403 	1221 	356 	195 	200 	396 	634
333 	Wake Forest 	31 	16 	15 	.516 	5.81 	6.59 	6 	12 	14 	4 	2 	11 	2164 	2188 		741 	1646 	.450 	155 	477 	.325 	527 	819 	.643 	318 	1080 	420 	175 	129 	381 	601
334 	Washington State 	30 	10 	20 	.333 	2.04 	7.77 	3 	15 	7 	8 	3 	12 	1871 	2007 		633 	1580 	.401 	229 	695 	.329 	376 	577 	.652 	297 	992 	316 	154 	89 	347 	546
335 	Washington 	31 	17 	14 	.548 	6.94 	6.94 	9 	9 	14 	4 	3 	10 	2323 	2323 		815 	1817 	.449 	183 	538 	.340 	510 	672 	.759 	344 	1077 	422 	166 	89 	355 	597
336 	Weber State 	28 	17 	11 	.607 	-1.28 	-4.39 	14 	6 	12 	2 	5 	9 	2041 	1863 		660 	1379 	.479 	197 	507 	.389 	524 	715 	.733 	237 	969 	369 	118 	117 	354 	512
337 	West Virginia 	31 	17 	14 	.548 	13.18 	8.25 	9 	9 	12 	6 	5 	8 	2432 	2279 		824 	1858 	.443 	246 	637 	.386 	538 	742 	.725 	369 	1113 	408 	195 	95 	299 	635
338 	Western Carolina 	34 	19 	15 	.559 	-6.56 	-6.24 	10 	6 	11 	3 	8 	12 	2524 	2469 		868 	2041 	.425 	248 	706 	.351 	540 	754 	.716 	461 	1226 	415 	248 	165 	413 	759
339 	Western Illinois 	30 	10 	20 	.333 	-6.79 	-1.98 	4 	10 	7 	5 	3 	15 	1838 	1880 		667 	1467 	.455 	142 	418 	.340 	362 	545 	.664 	238 	914 	373 	180 	87 	400 	553
340 	Western Kentucky 	31 	20 	11 	.645 	-1.34 	-1.24 	12 	6 	13 	4 	7 	7 	2124 	2089 		707 	1719 	.411 	228 	683 	.334 	480 	728 	.659 	393 	1144 	349 	159 	77 	418 	591
341 	Western Michigan 	30 	21 	9 	.700 	1.79 	-1.69 	14 	4 	13 	2 	8 	7 	2158 	2021 		706 	1520 	.464 	177 	536 	.330 	569 	789 	.721 	292 	1037 	345 	181 	102 	431 	550
342 	Wichita State 	34 	34 	0 	1.000 	16.66 	1.60 	18 	0 	17 	0 	17 	0 	2566 	2026 		846 	1843 	.459 	234 	673 	.348 	640 	877 	.730 	403 	1312 	460 	237 	175 	354 	573
343 	William & Mary 	32 	20 	12 	.625 	-1.18 	-1.98 	10 	6 	10 	4 	10 	8 	2340 	2281 		798 	1676 	.476 	281 	705 	.399 	463 	667 	.694 	250 	994 	447 	177 	104 	331 	520
344 	Winthrop 	33 	20 	13 	.606 	-6.58 	-6.71 	10 	6 	12 	3 	8 	10 	2442 	2355 		821 	1843 	.445 	272 	686 	.397 	528 	741 	.713 	333 	1072 	378 	211 	89 	412 	649
345 	Wisconsin 	31 	25 	6 	.806 	18.69 	9.72 	12 	6 	14 	3 	11 	3 	2269 	1991 		747 	1640 	.455 	239 	644 	.371 	536 	718 	.747 	274 	1027 	371 	156 	107 	253 	459
346 	Wofford 	32 	20 	12 	.625 	-4.34 	-6.62 	11 	5 	9 	4 	11 	8 	2165 	1997 		790 	1751 	.451 	195 	525 	.371 	390 	588 	.663 	344 	1064 	413 	202 	54 	342 	564
347 	Wright State 	33 	20 	13 	.606 	0.53 	-2.57 	10 	6 	13 	2 	7 	11 	2229 	2050 		749 	1643 	.456 	201 	559 	.360 	530 	718 	.738 	243 	965 	444 	240 	98 	442 	655
348 	Wyoming 	31 	18 	13 	.581 	5.59 	2.69 	9 	9 	14 	4 	4 	9 	2020 	1905 		684 	1430 	.478 	176 	491 	.358 	476 	663 	.718 	159 	894 	391 	143 	116 	321 	524
349 	Xavier 	31 	20 	11 	.645 	13.24 	8.53 	10 	8 	15 	2 	5 	9 	2237 	2091 		790 	1681 	.470 	163 	455 	.358 	494 	719 	.687 	346 	1129 	466 	185 	95 	394 	617
350 	Yale 	28 	15 	13 	.536 	-2.06 	-1.09 	9 	5 	8 	4 	7 	9 	1865 	1852 		597 	1432 	.417 	139 	443 	.314 	532 	763 	.697 	331 	986 	319 	172 	118 	366 	558
351 	Youngstown State 	32 	15 	17 	.469 	-1.90 	-0.87 	6 	10 	11 	4 	4 	13 	2461 	2370 		836 	1822 	.459 	249 	712 	.350 	540 	735 	.735 	297 	1065 	499 	213 	86 	357 	607
