1 	Abilene Christian 	31 	11 	20 	.355 	-19.13 	-3.65 	2 	12 	11 	6 	0 	14 	2214 	2228 		759 	1640 	.463 	181 	524 	.345 	529 	747 	.708 	305 	1004 	407 	205 	128 	431 	576
2 	Air Force 	29 	12 	17 	.414 	-3.68 	2.25 	6 	12 	9 	9 	3 	8 	1921 	2013 		672 	1541 	.436 	207 	628 	.330 	462 	659 	.701 	283 	982 	397 	202 	126 	346 	540
3 	Akron 	31 	20 	11 	.645 	1.84 	-0.10 	12 	6 	14 	4 	6 	7 	2098 	2038 		725 	1699 	.427 	146 	454 	.322 	440 	617 	.713 	332 	1037 	336 	204 	95 	407 	596
4 	Alabama A&M 	28 	13 	15 	.464 	-13.69 	-9.65 	10 	8 	8 	4 	5 	11 	1818 	1905 		607 	1480 	.410 	144 	425 	.339 	547 	787 	.695 	347 	1069 	270 	178 	86 	383 	552
5 	Alabama-Birmingham 	30 	18 	12 	.600 	1.56 	-0.40 	7 	9 	13 	7 	5 	5 	2196 	2100 		769 	1872 	.411 	192 	622 	.309 	370 	551 	.672 	360 	1089 	384 	208 	127 	332 	596
6 	Alabama State 	29 	18 	11 	.621 	-11.91 	-11.10 	12 	6 	13 	2 	5 	9 	2091 	2030 		725 	1622 	.447 	148 	474 	.312 	432 	623 	.693 	340 	1066 	342 	175 	84 	432 	586
7 	Alabama 	31 	13 	18 	.419 	9.01 	9.17 	7 	11 	13 	7 	0 	11 	2114 	2082 		700 	1682 	.416 	166 	553 	.300 	516 	689 	.749 	374 	1079 	362 	173 	125 	399 	592
8 	Albany (NY) 	31 	17 	14 	.548 	-3.94 	-5.91 	9 	7 	11 	3 	6 	11 	2044 	1983 		706 	1683 	.419 	219 	613 	.357 	352 	489 	.720 	306 	974 	386 	182 	93 	370 	596
9 	Alcorn State 	30 	12 	18 	.400 	-15.03 	-8.59 	9 	9 	10 	5 	2 	13 	1934 	2037 		700 	1632 	.429 	178 	515 	.346 	459 	648 	.708 	327 	1029 	368 	161 	78 	375 	526
10 	American 	31 	19 	12 	.613 	1.19 	-3.69 	13 	5 	11 	3 	8 	9 	1991 	1840 		629 	1517 	.415 	150 	465 	.323 	432 	639 	.676 	304 	906 	315 	217 	78 	379 	548
11 	Appalachian State 	30 	9 	21 	.300 	-15.19 	-7.00 	5 	11 	7 	8 	2 	13 	2034 	2152 		763 	1644 	.464 	179 	486 	.368 	447 	670 	.667 	303 	1064 	388 	170 	130 	386 	601
12 	Arizona State 	31 	21 	10 	.677 	14.88 	7.85 	10 	8 	17 	3 	4 	7 	2343 	2125 		762 	1852 	.411 	162 	506 	.320 	439 	686 	.640 	370 	1187 	357 	171 	127 	375 	622
13 	Arizona 	31 	28 	3 	.903 	23.77 	8.96 	15 	3 	20 	0 	8 	3 	2279 	1820 		641 	1663 	.385 	140 	447 	.313 	398 	572 	.696 	289 	948 	284 	150 	102 	394 	590
14 	Arkansas-Little Rock 	30 	14 	16 	.467 	-5.48 	-0.48 	9 	9 	8 	7 	6 	9 	2100 	2194 		705 	1633 	.432 	232 	667 	.348 	552 	794 	.695 	312 	1051 	408 	199 	106 	400 	593
15 	Arkansas-Pine Bluff 	30 	13 	17 	.433 	-14.15 	-6.04 	11 	7 	7 	5 	6 	12 	1907 	2119 		704 	1506 	.467 	199 	551 	.361 	512 	749 	.684 	308 	1036 	439 	223 	126 	495 	556
16 	Arkansas State 	30 	18 	12 	.600 	0.89 	-2.93 	10 	8 	11 	4 	7 	8 	2271 	2113 		749 	1745 	.429 	186 	574 	.324 	429 	605 	.709 	330 	1082 	329 	182 	80 	403 	602
17 	Arkansas 	31 	21 	10 	.677 	15.11 	5.72 	10 	8 	18 	4 	3 	6 	2499 	2208 		741 	1821 	.407 	196 	570 	.344 	530 	769 	.689 	442 	1230 	347 	172 	100 	536 	633
18 	Army 	31 	15 	16 	.484 	-5.69 	-4.19 	10 	8 	8 	7 	7 	9 	2244 	2269 		807 	1755 	.460 	208 	541 	.384 	447 	621 	.720 	343 	1088 	413 	227 	103 	424 	562
19 	Auburn 	29 	14 	15 	.483 	5.76 	5.52 	6 	12 	12 	7 	2 	8 	2088 	2081 		675 	1567 	.431 	208 	552 	.377 	523 	757 	.691 	326 	1013 	403 	168 	105 	366 	591
20 	Austin Peay 	30 	12 	18 	.400 	-10.62 	-5.90 	6 	10 	9 	7 	3 	11 	2287 	2368 		838 	1817 	.461 	234 	651 	.359 	458 	622 	.736 	364 	1052 	475 	235 	99 	430 	637
21 	Ball State 	30 	5 	25 	.167 	-9.44 	1.38 	2 	16 	5 	9 	0 	16 	1967 	2214 		769 	1671 	.460 	158 	476 	.332 	518 	738 	.702 	302 	996 	412 	258 	110 	339 	577
22 	Baylor 	31 	21 	10 	.677 	15.44 	10.03 	9 	9 	16 	5 	5 	5 	2327 	2109 		749 	1774 	.422 	210 	586 	.358 	401 	585 	.685 	355 	978 	463 	164 	88 	329 	595
23 	Belmont 	33 	24 	9 	.727 	2.46 	-2.55 	14 	2 	15 	2 	9 	7 	2646 	2452 		837 	1820 	.460 	226 	646 	.350 	552 	793 	.696 	368 	1081 	425 	238 	100 	470 	686
24 	Bethune-Cookman 	31 	7 	24 	.226 	-16.60 	-7.19 	5 	11 	5 	6 	2 	18 	1964 	2177 		704 	1555 	.453 	185 	526 	.352 	584 	822 	.710 	360 	1084 	402 	191 	145 	391 	538
25 	Binghamton 	30 	7 	23 	.233 	-15.91 	-5.91 	4 	12 	3 	11 	4 	12 	1840 	2140 		724 	1601 	.452 	244 	634 	.385 	448 	654 	.685 	315 	1074 	442 	222 	104 	394 	605
26 	Boise State 	31 	19 	12 	.613 	8.66 	4.59 	9 	9 	14 	5 	5 	7 	2366 	2163 		753 	1650 	.456 	203 	564 	.360 	454 	648 	.701 	235 	914 	353 	141 	103 	361 	579
27 	Boston College 	31 	8 	23 	.258 	3.36 	9.06 	4 	14 	5 	12 	3 	11 	2127 	2281 		801 	1714 	.467 	177 	475 	.373 	502 	690 	.728 	344 	1026 	383 	173 	89 	291 	566
28 	Boston University 	33 	24 	9 	.727 	2.55 	-2.57 	15 	3 	13 	5 	11 	4 	2394 	2225 		802 	1844 	.435 	217 	621 	.349 	404 	576 	.701 	343 	1137 	426 	173 	102 	449 	540
29 	Bowling Green State 	32 	12 	20 	.375 	-2.80 	0.46 	6 	12 	8 	9 	4 	11 	2007 	2055 		716 	1740 	.411 	199 	570 	.349 	424 	650 	.652 	353 	1138 	402 	268 	107 	451 	567
30 	Bradley 	32 	12 	20 	.375 	-2.34 	0.07 	7 	11 	11 	9 	1 	11 	2036 	2113 		704 	1614 	.436 	206 	631 	.326 	499 	700 	.713 	319 	1066 	399 	187 	107 	413 	575
31 	Brigham Young 	33 	23 	10 	.697 	12.85 	5.63 	13 	5 	18 	3 	5 	7 	2799 	2544 		883 	2073 	.426 	251 	738 	.340 	527 	742 	.710 	371 	1185 	478 	201 	140 	423 	756
32 	Brown 	28 	15 	13 	.536 	-1.09 	-3.90 	7 	7 	8 	5 	7 	8 	2000 	1883 		644 	1639 	.393 	154 	525 	.293 	441 	620 	.711 	306 	1030 	328 	177 	119 	332 	524
33 	Bryant 	32 	18 	14 	.563 	-3.92 	-4.57 	10 	6 	11 	5 	7 	9 	2351 	2304 		819 	1888 	.434 	243 	675 	.360 	423 	622 	.680 	402 	1165 	415 	216 	143 	404 	585
34 	Bucknell 	30 	16 	14 	.533 	-0.82 	-2.66 	11 	7 	8 	6 	8 	8 	1977 	1922 		697 	1644 	.424 	182 	537 	.339 	346 	522 	.663 	252 	953 	342 	167 	143 	274 	469
35 	Buffalo 	28 	19 	9 	.679 	4.41 	-1.70 	13 	5 	13 	3 	6 	6 	2068 	1883 		670 	1582 	.424 	155 	505 	.307 	388 	570 	.681 	318 	950 	344 	192 	74 	379 	565
36 	Butler 	30 	14 	16 	.467 	8.04 	7.94 	4 	14 	10 	9 	4 	7 	2075 	2013 		746 	1661 	.449 	158 	509 	.310 	363 	523 	.694 	279 	1022 	369 	165 	111 	351 	567
37 	Cal Poly 	29 	10 	19 	.345 	-2.13 	2.24 	6 	10 	7 	7 	3 	12 	1832 	1875 		633 	1445 	.438 	161 	469 	.343 	448 	615 	.728 	281 	974 	359 	138 	105 	325 	450
38 	Cal State Bakersfield 	30 	12 	18 	.400 	-4.59 	-3.97 	5 	11 	7 	8 	5 	10 	2084 	2059 		664 	1536 	.432 	167 	539 	.310 	564 	810 	.696 	309 	985 	362 	200 	107 	389 	582
39 	Cal State Fullerton 	30 	11 	19 	.367 	-4.40 	-0.63 	6 	10 	8 	7 	3 	12 	2036 	2149 		737 	1612 	.457 	157 	466 	.337 	518 	732 	.708 	290 	1051 	388 	149 	111 	341 	571
40 	Cal State Northridge 	32 	15 	17 	.469 	-5.10 	-3.13 	7 	9 	12 	3 	3 	14 	2461 	2490 		846 	1863 	.454 	248 	702 	.353 	550 	775 	.710 	357 	1063 	471 	198 	106 	403 	664
41 	California-Davis 	31 	9 	22 	.290 	-10.90 	-1.11 	4 	12 	8 	9 	1 	13 	2174 	2408 		851 	1754 	.485 	214 	558 	.384 	492 	659 	.747 	340 	1132 	490 	182 	107 	386 	576
42 	California-Irvine 	32 	22 	10 	.688 	5.14 	-0.26 	13 	3 	12 	4 	10 	6 	2293 	2059 		688 	1836 	.375 	183 	558 	.328 	500 	700 	.714 	368 	1109 	357 	179 	81 	332 	593
43 	California-Riverside 	30 	10 	20 	.333 	-6.76 	-1.98 	5 	11 	8 	7 	2 	13 	2074 	2151 		718 	1664 	.431 	193 	509 	.379 	522 	699 	.747 	311 	1048 	384 	200 	106 	373 	574
44 	California-Santa Barbara 	29 	21 	8 	.724 	6.18 	0.52 	12 	4 	12 	3 	9 	5 	2099 	1891 		636 	1594 	.399 	207 	594 	.348 	412 	624 	.660 	336 	953 	385 	141 	64 	311 	547
45 	California 	31 	19 	12 	.613 	11.08 	8.02 	10 	8 	13 	6 	6 	6 	2260 	2165 		754 	1801 	.419 	194 	533 	.364 	463 	630 	.735 	330 	1078 	384 	140 	105 	321 	574
46 	Campbell 	32 	12 	20 	.375 	-14.15 	-7.44 	6 	10 	9 	8 	3 	12 	2164 	2291 		828 	1807 	.458 	184 	536 	.343 	451 	659 	.684 	388 	1123 	400 	231 	83 	343 	493
47 	Canisius 	33 	21 	12 	.636 	1.83 	-1.80 	14 	6 	12 	5 	9 	7 	2561 	2459 		873 	1938 	.450 	230 	680 	.338 	483 	672 	.719 	427 	1193 	502 	200 	86 	453 	639
48 	Central Arkansas 	29 	8 	21 	.276 	-15.78 	-5.08 	5 	13 	7 	8 	1 	13 	2165 	2360 		801 	1718 	.466 	165 	470 	.351 	593 	832 	.713 	385 	1182 	453 	210 	85 	436 	550
49 	Central Connecticut State 	30 	11 	19 	.367 	-12.85 	-5.82 	7 	9 	5 	9 	6 	10 	2117 	2318 		831 	1849 	.449 	227 	624 	.364 	429 	625 	.686 	411 	1187 	378 	201 	141 	392 	497
50 	Central Florida 	29 	12 	17 	.414 	2.09 	5.12 	4 	14 	10 	7 	2 	10 	2101 	2130 		779 	1693 	.460 	178 	518 	.344 	394 	597 	.660 	335 	1013 	420 	221 	135 	345 	566
51 	Central Michigan 	31 	10 	21 	.323 	-8.23 	-2.13 	3 	15 	8 	8 	2 	13 	2246 	2288 		806 	1643 	.491 	215 	605 	.355 	461 	626 	.736 	291 	1057 	428 	177 	110 	420 	587
52 	Charleston Southern 	31 	13 	18 	.419 	-5.30 	-5.78 	6 	10 	8 	6 	5 	12 	2523 	2242 		767 	1773 	.433 	242 	627 	.386 	466 	671 	.694 	317 	1075 	384 	161 	123 	394 	559
53 	Charlotte 	29 	16 	13 	.552 	-0.49 	-0.66 	7 	9 	13 	5 	3 	8 	2070 	2065 		738 	1705 	.433 	191 	583 	.328 	398 	606 	.657 	319 	1004 	347 	204 	93 	356 	596
54 	Chattanooga 	32 	18 	14 	.563 	-10.40 	-7.81 	12 	4 	13 	4 	5 	10 	2423 	2360 		864 	1869 	.462 	169 	494 	.342 	463 	689 	.672 	363 	1131 	410 	195 	123 	447 	656
55 	Chicago State 	31 	13 	18 	.419 	-10.02 	-1.91 	8 	8 	9 	5 	4 	13 	2170 	2371 		770 	1686 	.457 	220 	620 	.355 	611 	879 	.695 	380 	1242 	426 	168 	127 	494 	575
56 	Cincinnati 	31 	26 	5 	.839 	15.95 	4.91 	15 	3 	19 	2 	7 	3 	2151 	1809 		633 	1607 	.394 	165 	520 	.317 	378 	559 	.676 	338 	985 	348 	162 	104 	447 	593
57 	Citadel 	33 	7 	26 	.212 	-17.47 	-6.61 	2 	14 	7 	10 	0 	16 	2211 	2453 		870 	1927 	.451 	230 	659 	.349 	483 	717 	.674 	397 	1208 	422 	198 	121 	345 	611
58 	Clemson 	30 	19 	11 	.633 	11.07 	5.44 	10 	8 	15 	4 	4 	7 	1896 	1727 		640 	1613 	.397 	137 	488 	.281 	310 	480 	.646 	337 	993 	305 	156 	87 	329 	498
59 	Cleveland State 	32 	21 	11 	.656 	4.92 	-0.21 	12 	4 	12 	4 	9 	7 	2348 	2122 		710 	1697 	.418 	194 	593 	.327 	508 	717 	.709 	353 	1020 	420 	174 	122 	410 	556
60 	Coastal Carolina 	33 	21 	12 	.636 	-5.64 	-7.14 	11 	5 	15 	5 	6 	7 	2399 	2256 		757 	1894 	.400 	256 	805 	.318 	486 	705 	.689 	372 	1147 	381 	236 	131 	433 	633
61 	Colgate 	31 	13 	18 	.419 	-2.11 	-3.68 	6 	12 	7 	8 	6 	10 	2158 	2083 		747 	1673 	.447 	190 	567 	.335 	399 	580 	.688 	288 	989 	358 	176 	68 	323 	470
62 	College of Charleston 	32 	14 	18 	.438 	-1.70 	-1.57 	6 	10 	9 	9 	5 	9 	2016 	2006 		689 	1685 	.409 	158 	462 	.342 	470 	721 	.652 	313 	1038 	272 	184 	120 	308 	533
63 	Colorado State 	31 	16 	15 	.516 	3.92 	2.61 	7 	11 	14 	6 	2 	9 	2278 	2157 		745 	1681 	.443 	219 	595 	.368 	448 	629 	.712 	281 	1012 	383 	152 	110 	343 	679
64 	Colorado 	31 	21 	10 	.677 	12.58 	8.93 	10 	8 	16 	3 	5 	7 	2248 	2135 		758 	1768 	.429 	231 	631 	.366 	388 	553 	.702 	283 	968 	410 	197 	97 	388 	652
65 	Columbia 	31 	19 	12 	.613 	2.44 	-1.69 	8 	6 	15 	4 	4 	8 	2117 	1967 		682 	1599 	.427 	149 	428 	.348 	454 	661 	.687 	268 	931 	303 	163 	106 	331 	581
66 	Connecticut 	31 	24 	7 	.774 	15.62 	6.40 	12 	6 	17 	3 	7 	4 	2252 	1966 		685 	1754 	.391 	184 	558 	.330 	412 	611 	.674 	386 	1085 	364 	175 	103 	410 	586
67 	Coppin State 	29 	10 	19 	.345 	-10.84 	-4.16 	7 	9 	5 	9 	5 	10 	2009 	2179 		775 	1651 	.469 	228 	623 	.366 	401 	611 	.656 	358 	1130 	476 	163 	129 	391 	576
68 	Cornell 	28 	2 	26 	.071 	-15.36 	0.27 	1 	13 	2 	11 	0 	15 	1795 	2195 		740 	1493 	.496 	208 	508 	.409 	507 	701 	.723 	279 	1011 	412 	166 	99 	290 	460
69 	Creighton 	30 	24 	6 	.800 	20.31 	7.75 	14 	4 	16 	2 	8 	4 	2397 	2020 		716 	1701 	.421 	205 	598 	.343 	383 	560 	.684 	294 	956 	373 	152 	89 	308 	570
70 	Dartmouth 	28 	12 	16 	.429 	-4.49 	-2.88 	5 	9 	8 	7 	4 	9 	1905 	1864 		602 	1355 	.444 	168 	461 	.364 	492 	658 	.748 	229 	868 	292 	155 	107 	366 	538
71 	Davidson 	32 	20 	12 	.625 	0.98 	-3.95 	15 	1 	10 	8 	10 	4 	2514 	2319 		806 	1733 	.465 	165 	465 	.355 	542 	770 	.704 	295 	1051 	348 	183 	108 	400 	664
72 	Dayton 	31 	22 	9 	.710 	9.99 	4.19 	10 	6 	14 	4 	8 	5 	2268 	2088 		711 	1605 	.443 	170 	499 	.341 	496 	701 	.708 	291 	958 	366 	147 	138 	401 	607
73 	Delaware State 	29 	9 	20 	.310 	-12.26 	-5.63 	5 	11 	7 	8 	2 	12 	1786 	1881 		642 	1492 	.430 	158 	536 	.295 	439 	613 	.716 	329 	988 	377 	165 	110 	328 	500
74 	Delaware 	34 	25 	9 	.735 	3.05 	-1.33 	14 	2 	13 	2 	12 	7 	2704 	2555 		906 	2059 	.440 	209 	651 	.321 	534 	778 	.686 	419 	1323 	398 	167 	130 	404 	709
75 	Denver 	31 	16 	15 	.516 	1.43 	0.16 	8 	6 	10 	7 	6 	8 	2044 	1999 		688 	1437 	.479 	145 	416 	.349 	478 	695 	.688 	288 	972 	347 	159 	88 	388 	500
76 	DePaul 	31 	11 	20 	.355 	2.12 	7.90 	3 	15 	8 	11 	3 	9 	2168 	2347 		796 	1663 	.479 	191 	522 	.366 	564 	799 	.706 	312 	1061 	415 	209 	153 	409 	627
77 	Detroit Mercy 	32 	13 	19 	.406 	-2.89 	0.11 	6 	10 	8 	7 	5 	12 	2275 	2267 		738 	1725 	.428 	216 	598 	.361 	575 	832 	.691 	338 	1108 	447 	185 	119 	438 	621
78 	Drake 	31 	15 	16 	.484 	-0.43 	1.37 	6 	12 	10 	7 	5 	9 	2116 	2115 		734 	1647 	.446 	206 	599 	.344 	441 	634 	.696 	272 	977 	356 	201 	118 	344 	586
79 	Drexel 	30 	16 	14 	.533 	1.54 	0.08 	8 	8 	9 	5 	7 	9 	2064 	2020 		682 	1606 	.425 	151 	490 	.308 	505 	749 	.674 	319 	1093 	313 	118 	104 	338 	586
80 	Duke 	31 	24 	7 	.774 	21.18 	8.50 	13 	5 	19 	1 	5 	6 	2473 	2080 		753 	1670 	.451 	122 	394 	.310 	452 	657 	.688 	323 	1018 	335 	161 	105 	392 	593
81 	Duquesne 	29 	13 	16 	.448 	1.25 	1.22 	5 	11 	6 	10 	7 	6 	2136 	2135 		755 	1658 	.455 	256 	649 	.394 	369 	550 	.671 	288 	1018 	493 	144 	117 	350 	549
82 	East Carolina 	31 	16 	15 	.516 	-3.39 	-2.28 	5 	11 	13 	6 	3 	9 	2271 	2185 		811 	1825 	.444 	192 	620 	.310 	371 	551 	.673 	384 	1109 	457 	191 	111 	368 	601
83 	East Tennessee State 	33 	18 	15 	.545 	-6.21 	-6.15 	10 	8 	13 	5 	5 	10 	2533 	2514 		854 	1921 	.445 	251 	765 	.328 	555 	796 	.697 	388 	1253 	482 	193 	120 	466 	686
84 	Eastern Illinois 	30 	11 	19 	.367 	-11.60 	-4.28 	7 	9 	7 	8 	4 	11 	2030 	2206 		745 	1591 	.468 	205 	524 	.391 	511 	721 	.709 	305 	988 	397 	219 	107 	361 	575
85 	Eastern Kentucky 	33 	24 	9 	.727 	0.07 	-5.38 	11 	5 	15 	3 	9 	6 	2608 	2331 		761 	1578 	.482 	204 	570 	.358 	605 	856 	.707 	311 	1067 	437 	183 	106 	560 	657
86 	Eastern Michigan 	32 	19 	13 	.594 	3.29 	1.50 	10 	8 	15 	3 	4 	10 	2143 	1976 		642 	1757 	.365 	210 	699 	.300 	482 	693 	.696 	451 	1234 	398 	201 	133 	503 	668
87 	Eastern Washington 	31 	15 	16 	.484 	-4.72 	-3.55 	10 	10 	11 	4 	4 	12 	2362 	2329 		809 	1815 	.446 	200 	580 	.345 	511 	726 	.704 	329 	1088 	435 	208 	129 	331 	598
88 	Elon 	32 	18 	14 	.563 	-3.69 	-4.17 	11 	5 	11 	5 	7 	9 	2392 	2281 		806 	1837 	.439 	174 	520 	.335 	495 	728 	.680 	358 	1113 	332 	205 	78 	364 	603
89 	Evansville 	33 	14 	19 	.424 	-2.82 	1.50 	6 	12 	10 	8 	4 	11 	2290 	2383 		831 	1862 	.446 	238 	668 	.356 	483 	684 	.706 	372 	1126 	438 	210 	147 	411 	665
90 	Fairfield 	32 	7 	25 	.219 	-7.36 	-0.79 	4 	16 	5 	12 	2 	13 	2030 	2240 		699 	1649 	.424 	154 	445 	.346 	688 	967 	.711 	320 	1133 	339 	243 	120 	358 	606
91 	Fairleigh Dickinson 	31 	10 	21 	.323 	-10.83 	-3.66 	6 	10 	6 	7 	4 	14 	2157 	2358 		769 	1714 	.449 	216 	583 	.370 	604 	826 	.731 	410 	1177 	416 	180 	127 	395 	547
92 	Florida A&M 	30 	13 	17 	.433 	-11.92 	-7.17 	8 	8 	10 	3 	3 	14 	2148 	2228 		727 	1700 	.428 	160 	492 	.325 	614 	911 	.674 	404 	1199 	379 	219 	138 	444 	544
93 	Florida Atlantic 	31 	10 	21 	.323 	-4.65 	0.07 	5 	11 	7 	10 	3 	11 	2061 	2129 		728 	1724 	.422 	160 	485 	.330 	513 	729 	.704 	370 	1097 	339 	192 	98 	341 	552
94 	Florida Gulf Coast 	34 	22 	12 	.647 	-2.29 	-6.36 	14 	4 	16 	3 	6 	9 	2451 	2281 		802 	1944 	.413 	235 	682 	.345 	442 	673 	.657 	358 	1151 	373 	214 	84 	428 	619
95 	Florida International 	31 	15 	16 	.484 	-5.20 	-1.38 	7 	9 	10 	7 	5 	9 	2128 	2170 		766 	1780 	.430 	189 	579 	.326 	449 	653 	.688 	370 	1071 	426 	189 	116 	388 	569
96 	Florida State 	30 	18 	12 	.600 	13.15 	7.92 	9 	9 	12 	6 	6 	6 	2135 	1978 		684 	1725 	.397 	183 	565 	.324 	427 	627 	.681 	413 	1032 	341 	194 	113 	382 	610
97 	Florida 	31 	29 	2 	.935 	20.54 	7.51 	18 	0 	19 	0 	10 	2 	2216 	1812 		644 	1606 	.401 	177 	513 	.345 	347 	514 	.675 	312 	953 	306 	173 	89 	433 	603
98 	Fordham 	29 	9 	20 	.310 	-3.16 	3.22 	2 	14 	7 	8 	2 	12 	2080 	2265 		774 	1678 	.461 	209 	593 	.352 	508 	714 	.711 	367 	1129 	434 	193 	102 	367 	548
99 	Fresno State 	31 	16 	15 	.516 	4.23 	4.82 	9 	9 	11 	5 	5 	10 	2281 	2204 		767 	1770 	.433 	188 	594 	.316 	482 	719 	.670 	351 	1147 	405 	142 	92 	347 	553
100 	Furman 	30 	9 	21 	.300 	-17.27 	-7.23 	3 	13 	6 	9 	3 	12 	1955 	2196 		794 	1724 	.461 	230 	611 	.376 	378 	535 	.707 	340 	1038 	427 	210 	100 	329 	566
101 	Gardner-Webb 	33 	18 	15 	.545 	-7.30 	-6.87 	10 	6 	11 	6 	7 	9 	2425 	2309 		832 	1846 	.451 	170 	525 	.324 	475 	681 	.698 	341 	1131 	391 	195 	142 	465 	651
102 	George Mason 	30 	11 	19 	.367 	2.72 	5.26 	5 	12 	7 	11 	4 	8 	2087 	2163 		723 	1612 	.449 	185 	541 	.342 	532 	762 	.698 	289 	994 	374 	213 	102 	371 	577
103 	George Washington 	30 	23 	7 	.767 	11.35 	4.01 	11 	5 	16 	2 	7 	5 	2209 	1989 		707 	1719 	.411 	191 	616 	.310 	384 	581 	.661 	345 	1006 	365 	199 	107 	401 	655
104 	Georgetown 	30 	17 	13 	.567 	12.13 	9.06 	8 	10 	15 	5 	2 	8 	2121 	2029 		644 	1564 	.412 	181 	554 	.327 	560 	807 	.694 	336 	989 	362 	178 	81 	357 	629
105 	Georgia Southern 	34 	15 	19 	.441 	-11.21 	-8.37 	6 	10 	8 	8 	7 	11 	2406 	2395 		861 	1923 	.448 	240 	703 	.341 	433 	623 	.695 	349 	1200 	446 	172 	102 	438 	619
106 	Georgia State 	31 	24 	7 	.774 	6.13 	-2.87 	17 	1 	14 	0 	10 	7 	2422 	2125 		727 	1726 	.421 	246 	717 	.343 	425 	622 	.683 	374 	1115 	381 	135 	78 	425 	592
107 	Georgia Tech 	31 	15 	16 	.484 	5.39 	5.48 	6 	12 	10 	9 	5 	7 	2062 	2065 		720 	1710 	.421 	187 	561 	.333 	438 	630 	.695 	310 	1027 	383 	190 	112 	315 	535
108 	Georgia 	30 	18 	12 	.600 	8.18 	5.41 	12 	6 	14 	4 	4 	8 	2076 	1993 		649 	1643 	.395 	181 	571 	.317 	514 	715 	.719 	325 	977 	290 	199 	126 	311 	637
109 	Gonzaga 	33 	27 	6 	.818 	16.04 	4.76 	15 	3 	18 	1 	9 	5 	2540 	2147 		727 	1838 	.396 	190 	593 	.320 	503 	703 	.716 	360 	1068 	337 	179 	100 	390 	641
110 	Grambling 	27 	4 	23 	.148 	-24.51 	-8.35 	3 	15 	3 	8 	1 	15 	1765 	2162 		777 	1507 	.516 	190 	503 	.378 	418 	629 	.665 	297 	960 	436 	202 	79 	352 	477
111 	Grand Canyon 	29 	15 	14 	.517 	-6.19 	-3.27 	10 	6 	10 	5 	5 	9 	2096 	2083 		722 	1669 	.433 	172 	489 	.352 	467 	673 	.694 	300 	993 	342 	187 	98 	288 	641
112 	Green Bay 	30 	24 	6 	.800 	8.15 	0.26 	14 	2 	15 	4 	9 	2 	2239 	1919 		673 	1721 	.391 	178 	563 	.316 	395 	556 	.710 	354 	1008 	337 	183 	99 	413 	584
113 	Hampton 	29 	18 	11 	.621 	-4.86 	-8.14 	13 	4 	9 	5 	9 	6 	2120 	2025 		647 	1636 	.395 	175 	497 	.352 	556 	848 	.656 	392 	1129 	295 	175 	106 	467 	661
114 	Hartford 	33 	17 	16 	.515 	-6.40 	-5.95 	10 	6 	9 	7 	8 	9 	2162 	2177 		763 	1665 	.458 	182 	530 	.343 	469 	687 	.683 	319 	1048 	357 	214 	79 	430 	636
115 	Harvard 	30 	26 	4 	.867 	10.82 	-1.32 	13 	1 	13 	1 	13 	3 	2209 	1815 		631 	1549 	.407 	153 	476 	.321 	400 	565 	.708 	291 	935 	320 	170 	107 	437 	626
116 	Hawaii 	30 	20 	10 	.667 	4.39 	-1.00 	9 	7 	14 	6 	6 	4 	2395 	2183 		753 	1696 	.444 	193 	573 	.337 	484 	670 	.722 	313 	943 	357 	168 	111 	397 	613
117 	High Point 	30 	16 	14 	.533 	-8.74 	-5.88 	12 	4 	10 	4 	6 	10 	2122 	2165 		774 	1662 	.466 	219 	616 	.356 	398 	567 	.702 	324 	982 	425 	194 	82 	367 	515
118 	Hofstra 	33 	10 	23 	.303 	-6.36 	-1.69 	5 	11 	8 	8 	2 	15 	2260 	2414 		828 	1829 	.453 	242 	642 	.377 	516 	754 	.684 	347 	1108 	434 	203 	115 	331 	655
119 	Holy Cross 	32 	19 	13 	.594 	-1.17 	-3.04 	12 	6 	9 	4 	10 	9 	2143 	2083 		746 	1697 	.440 	201 	542 	.371 	388 	528 	.735 	280 	1000 	409 	172 	104 	385 	608
120 	Houston Baptist 	31 	6 	25 	.194 	-16.94 	-4.94 	2 	16 	5 	10 	1 	15 	2091 	2373 		825 	1833 	.450 	181 	549 	.330 	542 	784 	.691 	372 	1154 	395 	229 	143 	369 	586
121 	Houston 	31 	16 	15 	.516 	2.77 	4.03 	8 	10 	13 	6 	3 	9 	2212 	2251 		812 	1821 	.446 	193 	561 	.344 	434 	624 	.696 	383 	1111 	418 	203 	116 	349 	567
122 	Howard 	31 	7 	24 	.226 	-15.96 	-4.99 	5 	11 	4 	7 	3 	17 	1921 	2205 		698 	1616 	.432 	203 	609 	.333 	606 	869 	.697 	384 	1123 	416 	221 	130 	460 	629
123 	Idaho State 	29 	11 	18 	.379 	-5.66 	-3.95 	8 	12 	9 	4 	2 	14 	2054 	2036 		706 	1562 	.452 	254 	670 	.379 	370 	540 	.685 	298 	922 	384 	153 	114 	374 	571
124 	Idaho 	31 	14 	17 	.452 	-5.88 	-3.38 	7 	9 	9 	6 	5 	11 	2259 	2320 		814 	1780 	.457 	196 	575 	.341 	496 	730 	.679 	338 	1053 	402 	152 	106 	323 	635
125 	Illinois-Chicago 	31 	6 	25 	.194 	-6.79 	1.00 	1 	15 	4 	13 	2 	12 	2071 	2248 		752 	1616 	.465 	201 	525 	.383 	543 	780 	.696 	282 	1037 	422 	184 	135 	360 	598
126 	Illinois State 	31 	16 	15 	.516 	1.17 	2.10 	9 	9 	13 	5 	3 	10 	2135 	2146 		718 	1692 	.424 	219 	615 	.356 	491 	724 	.678 	345 	1158 	429 	166 	101 	431 	584
127 	Illinois 	31 	18 	13 	.581 	10.50 	8.57 	7 	11 	12 	7 	6 	6 	2006 	1946 		689 	1640 	.420 	192 	559 	.343 	376 	538 	.699 	309 	1046 	330 	160 	109 	365 	521
128 	Incarnate Word 	27 	21 	6 	.778 	-8.09 	-10.35 	9 	5 	14 	1 	7 	5 	2216 	1935 		682 	1689 	.404 	176 	520 	.338 	395 	568 	.695 	321 	954 	344 	203 	90 	359 	565
129 	Indiana State 	33 	23 	10 	.697 	3.79 	0.98 	12 	6 	14 	4 	9 	6 	2345 	2237 		757 	1740 	.435 	205 	585 	.350 	518 	747 	.693 	296 	1067 	409 	196 	109 	382 	637
130 	Indiana 	31 	17 	14 	.548 	12.09 	6.93 	7 	11 	15 	5 	2 	9 	2258 	2098 		737 	1786 	.413 	176 	593 	.297 	448 	631 	.710 	319 	965 	321 	230 	147 	383 	657
131 	Iona 	32 	22 	10 	.688 	5.85 	-0.43 	17 	3 	12 	3 	10 	7 	2672 	2471 		924 	2034 	.454 	210 	614 	.342 	413 	604 	.684 	429 	1218 	458 	150 	111 	383 	570
132 	Iowa State 	30 	23 	7 	.767 	18.80 	9.80 	11 	7 	16 	1 	7 	6 	2476 	2206 		783 	1913 	.409 	217 	650 	.334 	423 	584 	.724 	346 	1144 	406 	161 	104 	358 	588
133 	Iowa 	31 	20 	11 	.645 	20.22 	7.76 	9 	9 	15 	5 	5 	6 	2562 	2176 		757 	1841 	.411 	213 	679 	.314 	449 	643 	.698 	347 	1036 	396 	202 	107 	418 	683
134 	IPFW 	33 	24 	9 	.727 	0.46 	-3.84 	10 	4 	16 	2 	8 	7 	2525 	2298 		842 	1847 	.456 	209 	593 	.352 	405 	565 	.717 	303 	995 	398 	191 	95 	413 	646
135 	IUPUI 	32 	6 	26 	.188 	-13.83 	-0.86 	1 	13 	5 	10 	1 	16 	2126 	2383 		868 	1845 	.470 	190 	530 	.358 	457 	607 	.753 	321 	1134 	468 	198 	102 	330 	556
136 	Jackson State 	30 	11 	19 	.367 	-10.36 	-7.66 	7 	11 	6 	6 	5 	13 	1966 	2047 		650 	1513 	.430 	193 	558 	.346 	554 	838 	.661 	303 	1009 	342 	215 	109 	431 	574
137 	Jacksonville State 	31 	10 	21 	.323 	-11.95 	-5.12 	4 	12 	7 	6 	3 	15 	2014 	2176 		746 	1559 	.479 	164 	432 	.380 	520 	729 	.713 	309 	1046 	387 	179 	108 	376 	606
138 	Jacksonville 	30 	12 	18 	.400 	-11.87 	-4.87 	8 	10 	10 	5 	2 	13 	2231 	2385 		846 	1754 	.482 	233 	611 	.381 	460 	663 	.694 	362 	1105 	454 	205 	95 	404 	611
139 	James Madison 	31 	11 	20 	.355 	-7.37 	-1.91 	6 	10 	6 	8 	5 	12 	1961 	2130 		697 	1650 	.422 	226 	643 	.351 	510 	733 	.696 	341 	1088 	361 	174 	78 	370 	621
140 	Kansas State 	31 	20 	11 	.645 	12.88 	8.55 	10 	8 	17 	2 	3 	9 	2146 	2012 		671 	1658 	.405 	150 	520 	.288 	520 	761 	.683 	357 	1071 	351 	200 	118 	389 	590
141 	Kansas 	31 	23 	8 	.742 	21.77 	11.90 	14 	4 	17 	2 	6 	6 	2467 	2161 		713 	1728 	.413 	190 	537 	.354 	545 	811 	.672 	343 	956 	372 	200 	104 	357 	665
142 	Kennesaw State 	31 	6 	25 	.194 	-16.10 	-4.00 	3 	15 	4 	11 	2 	14 	2016 	2304 		777 	1699 	.457 	168 	502 	.335 	582 	786 	.740 	364 	1108 	355 	253 	116 	400 	552
143 	Kent State 	32 	16 	16 	.500 	-1.20 	-1.33 	7 	11 	11 	7 	5 	9 	2228 	2188 		717 	1667 	.430 	182 	538 	.338 	572 	792 	.722 	328 	1105 	388 	191 	109 	427 	571
144 	Kentucky 	31 	22 	9 	.710 	17.42 	8.19 	12 	6 	17 	3 	5 	6 	2366 	2080 		725 	1806 	.401 	164 	524 	.313 	466 	668 	.698 	359 	975 	322 	175 	98 	342 	705
145 	La Salle 	30 	15 	15 	.500 	4.67 	5.00 	7 	9 	11 	7 	4 	8 	2028 	2038 		742 	1716 	.432 	157 	479 	.328 	397 	549 	.723 	338 	1070 	416 	176 	157 	356 	526
146 	Lafayette 	31 	11 	20 	.355 	-7.16 	-2.89 	6 	12 	6 	7 	5 	13 	2212 	2315 		809 	1718 	.471 	239 	641 	.373 	458 	630 	.727 	341 	1033 	421 	193 	93 	371 	554
147 	Lamar 	30 	4 	26 	.133 	-16.15 	-5.59 	3 	15 	3 	11 	1 	15 	2001 	2318 		845 	1729 	.489 	195 	515 	.379 	433 	666 	.650 	347 	1075 	469 	222 	119 	386 	562
148 	Lehigh 	32 	14 	18 	.438 	-6.13 	-3.44 	7 	11 	10 	6 	4 	12 	2121 	2207 		795 	1872 	.425 	211 	621 	.340 	406 	582 	.698 	380 	1175 	484 	187 	129 	359 	547
149 	Liberty 	32 	11 	21 	.344 	-10.30 	-7.51 	5 	11 	8 	9 	3 	12 	2250 	2234 		767 	1772 	.433 	236 	684 	.345 	464 	644 	.720 	320 	980 	388 	207 	124 	333 	560
150 	Lipscomb 	30 	15 	15 	.500 	-8.33 	-5.26 	10 	8 	7 	5 	8 	10 	2276 	2355 		782 	1660 	.471 	235 	664 	.354 	556 	795 	.699 	316 	1122 	412 	186 	98 	428 	645
151 	Long Beach State 	30 	14 	16 	.467 	2.36 	3.89 	10 	6 	9 	6 	5 	10 	2093 	2117 		740 	1681 	.440 	203 	607 	.334 	434 	620 	.700 	338 	1062 	388 	165 	102 	384 	530
152 	Long Island University 	29 	9 	20 	.310 	-13.33 	-5.23 	4 	12 	5 	7 	4 	13 	2080 	2315 		844 	1771 	.477 	247 	633 	.390 	380 	547 	.695 	346 	1068 	493 	198 	110 	312 	535
153 	Longwood 	32 	8 	24 	.250 	-20.28 	-5.53 	3 	13 	5 	11 	3 	13 	2235 	2570 		863 	1826 	.473 	260 	706 	.368 	584 	786 	.743 	382 	1193 	524 	190 	145 	420 	526
154 	Louisiana-Lafayette 	31 	20 	11 	.645 	3.13 	-0.59 	11 	7 	14 	2 	6 	9 	2523 	2319 		799 	1814 	.440 	173 	535 	.323 	548 	789 	.695 	375 	1087 	360 	199 	166 	445 	672
155 	Louisiana-Monroe 	26 	10 	16 	.385 	-4.63 	0.69 	7 	11 	6 	6 	4 	10 	1673 	1783 		629 	1461 	.431 	170 	519 	.328 	355 	541 	.656 	287 	911 	333 	191 	103 	288 	452
156 	Louisiana State 	30 	18 	12 	.600 	10.54 	6.28 	9 	9 	14 	4 	4 	8 	2267 	2139 		729 	1783 	.409 	187 	518 	.361 	494 	689 	.717 	364 	1088 	329 	206 	107 	398 	546
157 	Louisiana Tech 	31 	25 	6 	.806 	12.84 	-2.33 	13 	3 	15 	2 	10 	4 	2521 	2019 		712 	1753 	.406 	143 	488 	.293 	452 	681 	.664 	347 	1125 	328 	179 	103 	512 	638
158 	Louisville 	31 	26 	5 	.839 	24.12 	4.15 	15 	3 	16 	3 	10 	2 	2535 	1916 		657 	1653 	.397 	149 	508 	.293 	451 	660 	.683 	366 	1078 	324 	135 	82 	538 	632
159 	Loyola (IL) 	32 	10 	22 	.313 	-4.48 	-0.87 	4 	14 	9 	6 	1 	16 	2105 	2199 		760 	1670 	.455 	194 	551 	.352 	485 	688 	.705 	317 	1027 	395 	214 	97 	372 	590
160 	Loyola Marymount 	32 	13 	19 	.406 	0.05 	4.57 	4 	14 	9 	8 	4 	11 	2345 	2468 		850 	1824 	.466 	197 	535 	.368 	571 	779 	.733 	385 	1163 	461 	195 	116 	441 	603
161 	Loyola (MD) 	30 	11 	19 	.367 	-10.21 	-2.87 	6 	12 	7 	7 	4 	12 	1957 	2158 		737 	1607 	.459 	203 	502 	.404 	481 	654 	.735 	344 	1088 	420 	161 	116 	413 	549
162 	Maine 	29 	6 	23 	.207 	-17.36 	-4.50 	4 	12 	5 	10 	1 	13 	2091 	2404 		856 	1824 	.469 	208 	583 	.357 	484 	705 	.687 	378 	1171 	461 	214 	110 	387 	519
163 	Manhattan 	32 	25 	7 	.781 	5.72 	-1.66 	15 	5 	11 	3 	14 	4 	2476 	2240 		719 	1754 	.410 	160 	489 	.327 	642 	921 	.697 	393 	1157 	380 	196 	149 	503 	754
164 	Marist 	31 	12 	19 	.387 	-4.92 	-1.24 	9 	11 	9 	7 	3 	12 	2119 	2233 		780 	1750 	.446 	211 	553 	.382 	462 	671 	.689 	356 	1148 	392 	203 	99 	415 	595
165 	Marquette 	31 	17 	14 	.548 	11.01 	7.34 	9 	9 	12 	6 	5 	8 	2245 	2131 		726 	1723 	.421 	236 	645 	.366 	443 	663 	.668 	324 	1041 	442 	169 	123 	412 	662
166 	Marshall 	31 	10 	21 	.323 	-3.80 	-0.87 	4 	12 	8 	9 	2 	12 	2264 	2243 		794 	1799 	.441 	184 	591 	.311 	471 	738 	.638 	389 	1193 	433 	200 	111 	414 	634
167 	Maryland-Baltimore County 	30 	9 	21 	.300 	-13.89 	-6.23 	5 	11 	8 	5 	1 	16 	1968 	2185 		683 	1528 	.447 	200 	546 	.366 	619 	879 	.704 	310 	1103 	392 	225 	101 	462 	605
168 	Maryland-Eastern Shore 	30 	6 	24 	.200 	-16.71 	-6.28 	4 	12 	5 	9 	1 	15 	1996 	2251 		775 	1634 	.474 	199 	536 	.371 	502 	702 	.715 	338 	1064 	449 	169 	91 	389 	570
169 	Maryland 	31 	17 	14 	.548 	11.55 	8.13 	9 	9 	14 	4 	3 	10 	2205 	2099 		710 	1709 	.415 	190 	557 	.341 	489 	721 	.678 	318 	1055 	357 	194 	120 	391 	576
170 	Massachusetts-Lowell 	28 	10 	18 	.357 	-13.39 	-4.20 	8 	8 	6 	6 	4 	12 	1718 	1938 		692 	1560 	.444 	172 	536 	.321 	382 	538 	.710 	338 	1021 	431 	179 	88 	336 	527
171 	Massachusetts 	30 	23 	7 	.767 	11.81 	5.97 	10 	6 	13 	2 	10 	5 	2293 	2118 		760 	1821 	.417 	150 	488 	.307 	448 	660 	.679 	372 	1061 	422 	180 	167 	397 	585
172 	McNeese State 	30 	11 	19 	.367 	-13.01 	-3.69 	9 	9 	8 	3 	3 	16 	2049 	2292 		790 	1790 	.441 	238 	626 	.380 	474 	657 	.721 	395 	1184 	456 	208 	103 	388 	530
173 	Memphis 	31 	23 	8 	.742 	13.99 	6.46 	12 	6 	17 	2 	6 	6 	2430 	2181 		806 	1868 	.431 	163 	542 	.301 	406 	628 	.646 	393 	1083 	417 	250 	119 	455 	624
174 	Mercer 	34 	26 	8 	.765 	5.03 	-4.71 	14 	4 	17 	1 	9 	7 	2695 	2256 		763 	1907 	.400 	215 	721 	.298 	515 	748 	.689 	365 	1114 	399 	193 	108 	433 	661
175 	Miami (FL) 	31 	16 	15 	.516 	8.23 	5.97 	7 	11 	8 	8 	8 	7 	1914 	1844 		653 	1615 	.404 	208 	592 	.351 	330 	498 	.663 	326 	1009 	347 	153 	87 	311 	505
176 	Miami (OH) 	30 	13 	17 	.433 	-3.63 	0.75 	8 	10 	8 	6 	5 	11 	1968 	2097 		747 	1614 	.463 	250 	653 	.383 	353 	523 	.675 	285 	1019 	453 	183 	125 	444 	497
177 	Michigan State 	31 	23 	8 	.742 	19.52 	9.10 	12 	6 	15 	4 	8 	4 	2363 	2040 		680 	1693 	.402 	207 	623 	.332 	473 	666 	.710 	312 	1007 	341 	186 	93 	390 	558
178 	Michigan 	30 	23 	7 	.767 	19.66 	9.39 	15 	3 	14 	2 	9 	5 	2264 	1956 		725 	1642 	.442 	172 	527 	.326 	334 	458 	.729 	274 	922 	353 	145 	73 	332 	518
179 	Middle Tennessee 	31 	23 	8 	.742 	4.89 	-0.81 	13 	3 	14 	2 	9 	6 	2208 	1943 		655 	1588 	.412 	163 	501 	.325 	470 	700 	.671 	310 	996 	310 	195 	92 	459 	624
180 	Milwaukee 	33 	20 	13 	.606 	-1.37 	-0.65 	7 	9 	9 	7 	11 	6 	2343 	2333 		819 	1882 	.435 	195 	617 	.316 	500 	674 	.742 	356 	1167 	387 	230 	116 	422 	702
181 	Minnesota 	31 	19 	12 	.613 	12.71 	8.81 	8 	10 	15 	4 	4 	8 	2231 	2099 		710 	1670 	.425 	196 	580 	.338 	483 	658 	.734 	321 	1009 	391 	185 	131 	384 	580
182 	Mississippi State 	31 	13 	18 	.419 	-1.14 	2.76 	3 	15 	13 	8 	0 	10 	2086 	2207 		795 	1756 	.453 	199 	617 	.323 	418 	584 	.716 	331 	1103 	406 	202 	108 	438 	613
183 	Mississippi Valley State 	31 	9 	22 	.290 	-20.20 	-7.60 	5 	13 	7 	4 	2 	18 	2230 	2503 		883 	1772 	.498 	169 	463 	.365 	568 	840 	.676 	324 	1172 	368 	222 	120 	447 	588
184 	Mississippi 	31 	18 	13 	.581 	8.03 	5.70 	9 	9 	13 	5 	5 	8 	2331 	2259 		756 	1792 	.422 	233 	672 	.347 	514 	746 	.689 	407 	1215 	462 	166 	132 	434 	610
185 	Missouri-Kansas City 	29 	10 	19 	.345 	-8.56 	-1.35 	7 	9 	5 	9 	5 	10 	2015 	2222 		764 	1646 	.464 	199 	577 	.345 	495 	693 	.714 	307 	1087 	413 	184 	128 	405 	579
186 	Missouri State 	32 	20 	12 	.625 	1.06 	1.38 	9 	9 	15 	4 	5 	8 	2199 	2185 		743 	1667 	.446 	217 	613 	.354 	482 	725 	.665 	301 	1082 	413 	180 	110 	384 	636
187 	Missouri 	31 	21 	10 	.677 	10.99 	6.89 	9 	9 	17 	2 	4 	8 	2265 	2138 		730 	1772 	.412 	217 	674 	.322 	461 	671 	.687 	354 	993 	378 	172 	117 	326 	638
188 	Monmouth 	32 	11 	21 	.344 	-6.83 	-2.77 	5 	15 	8 	9 	3 	12 	2208 	2338 		756 	1720 	.440 	251 	711 	.353 	575 	836 	.688 	344 	1156 	395 	206 	181 	479 	650
189 	Montana State 	31 	14 	17 	.452 	-10.04 	-5.18 	9 	11 	9 	5 	5 	12 	2109 	2165 		749 	1608 	.466 	220 	596 	.369 	447 	618 	.723 	249 	1014 	390 	185 	83 	403 	571
190 	Montana 	29 	17 	12 	.586 	-3.43 	-4.43 	12 	8 	11 	3 	6 	9 	2060 	2000 		701 	1471 	.477 	159 	442 	.360 	439 	657 	.668 	311 	944 	302 	134 	82 	348 	594
191 	Morehead State 	33 	20 	13 	.606 	-1.76 	-3.34 	10 	6 	10 	5 	10 	8 	2536 	2406 		789 	1754 	.450 	203 	589 	.345 	625 	884 	.707 	298 	1001 	439 	232 	164 	507 	779
192 	Morgan State 	28 	13 	15 	.464 	-6.03 	-4.50 	11 	5 	7 	5 	6 	10 	1993 	2036 		700 	1595 	.439 	165 	461 	.358 	471 	708 	.665 	350 	1073 	367 	168 	111 	396 	572
193 	Mount St. Mary's 	31 	15 	16 	.484 	-6.36 	-4.03 	9 	7 	10 	3 	5 	13 	2352 	2424 		908 	1837 	.494 	148 	439 	.337 	460 	631 	.729 	343 	1139 	414 	179 	87 	412 	572
194 	Murray State 	29 	18 	11 	.621 	-1.49 	-4.31 	13 	3 	13 	1 	5 	10 	2247 	2116 		770 	1688 	.456 	154 	470 	.328 	422 	626 	.674 	329 	974 	360 	178 	93 	341 	615
195 	Navy 	30 	9 	21 	.300 	-11.56 	-5.07 	4 	14 	7 	6 	2 	15 	1820 	1957 		652 	1487 	.438 	197 	556 	.354 	456 	638 	.715 	276 	1035 	367 	192 	95 	398 	505
196 	Nebraska-Omaha 	30 	16 	14 	.533 	-0.13 	-2.13 	5 	9 	10 	4 	6 	10 	2405 	2243 		803 	1749 	.459 	174 	524 	.332 	463 	643 	.720 	322 	1081 	407 	197 	115 	484 	571
197 	Nebraska 	30 	19 	11 	.633 	10.95 	8.61 	11 	7 	15 	1 	4 	10 	2010 	1940 		654 	1562 	.419 	180 	559 	.322 	452 	668 	.677 	296 	1040 	333 	155 	92 	370 	565
198 	Nevada-Las Vegas 	31 	19 	12 	.613 	9.18 	2.89 	10 	8 	12 	7 	7 	5 	2233 	2038 		771 	1917 	.402 	158 	529 	.299 	338 	491 	.688 	384 	1135 	362 	160 	111 	319 	619
199 	Nevada 	31 	15 	16 	.484 	2.68 	3.81 	10 	8 	7 	9 	8 	7 	2254 	2289 		777 	1767 	.440 	214 	641 	.334 	521 	699 	.745 	343 	1095 	435 	152 	103 	327 	572
200 	New Hampshire 	30 	6 	24 	.200 	-13.69 	-5.62 	4 	12 	3 	12 	3 	12 	1735 	1945 		642 	1573 	.408 	171 	533 	.321 	490 	684 	.716 	297 	1061 	326 	187 	83 	324 	514
201 	New Mexico State 	32 	23 	9 	.719 	6.58 	-2.48 	12 	4 	15 	2 	8 	7 	2487 	2156 		771 	1920 	.402 	141 	419 	.337 	473 	647 	.731 	410 	1044 	309 	172 	80 	364 	729
202 	New Mexico 	30 	24 	6 	.800 	13.01 	4.75 	15 	3 	13 	2 	11 	4 	2236 	1988 		688 	1766 	.390 	214 	618 	.346 	398 	541 	.736 	325 	990 	346 	167 	89 	303 	611
203 	New Orleans 	26 	11 	15 	.423 	-14.66 	-5.16 	8 	10 	6 	6 	5 	9 	1858 	1987 		698 	1500 	.465 	155 	442 	.351 	436 	628 	.694 	289 	906 	399 	230 	115 	390 	581
204 	Niagara 	33 	7 	26 	.212 	-8.08 	-1.26 	3 	17 	4 	12 	3 	14 	2484 	2709 		909 	1870 	.486 	228 	593 	.384 	663 	946 	.701 	381 	1247 	497 	194 	141 	493 	740
205 	Nicholls State 	27 	13 	14 	.481 	-12.68 	-7.14 	10 	8 	9 	2 	4 	12 	1843 	1962 		626 	1333 	.470 	130 	379 	.343 	580 	816 	.711 	255 	921 	310 	163 	80 	355 	527
206 	NJIT 	29 	13 	16 	.448 	-12.35 	-7.31 	0 	0 	7 	6 	6 	10 	2109 	2061 		677 	1600 	.423 	215 	635 	.339 	492 	707 	.696 	320 	1026 	389 	182 	131 	391 	541
207 	Norfolk State 	31 	18 	13 	.581 	-7.63 	-7.52 	11 	5 	9 	5 	9 	8 	2272 	2225 		729 	1698 	.429 	230 	662 	.347 	537 	756 	.710 	353 	999 	382 	188 	109 	395 	582
208 	North Carolina-Asheville 	32 	17 	15 	.531 	-6.79 	-5.48 	10 	6 	12 	3 	5 	12 	2486 	2424 		838 	1918 	.437 	215 	612 	.351 	533 	773 	.690 	404 	1105 	442 	223 	126 	384 	641
209 	North Carolina A&T 	31 	9 	22 	.290 	-16.05 	-6.91 	5 	11 	7 	5 	2 	17 	2042 	2289 		729 	1672 	.436 	226 	629 	.359 	605 	882 	.686 	353 	1099 	439 	214 	116 	386 	725
210 	North Carolina Central 	30 	25 	5 	.833 	3.02 	-8.55 	16 	1 	14 	0 	11 	5 	2207 	1777 		574 	1528 	.376 	166 	559 	.297 	463 	668 	.693 	344 	972 	284 	166 	128 	484 	588
211 	North Carolina-Greensboro 	32 	14 	18 	.438 	-12.11 	-5.90 	7 	9 	10 	8 	4 	10 	2267 	2373 		798 	1822 	.438 	206 	612 	.337 	571 	812 	.703 	319 	1122 	380 	204 	96 	381 	586
212 	North Carolina State 	31 	19 	12 	.613 	8.04 	6.71 	9 	9 	13 	6 	6 	6 	2207 	2166 		730 	1731 	.422 	171 	533 	.321 	535 	740 	.723 	396 	1100 	356 	182 	109 	364 	605
213 	North Carolina-Wilmington 	32 	9 	23 	.281 	-8.47 	-0.50 	3 	13 	6 	8 	3 	15 	2018 	2221 		771 	1774 	.435 	209 	619 	.338 	470 	719 	.654 	374 	1204 	373 	222 	127 	362 	537
214 	North Carolina 	31 	23 	8 	.742 	15.58 	7.93 	13 	5 	16 	3 	7 	5 	2367 	2130 		726 	1778 	.408 	190 	610 	.311 	488 	724 	.674 	363 	1073 	334 	185 	125 	423 	660
215 	North Dakota State 	30 	24 	6 	.800 	6.93 	-0.51 	12 	2 	13 	1 	11 	5 	2308 	1969 		658 	1544 	.426 	197 	536 	.368 	456 	608 	.750 	256 	838 	336 	156 	54 	355 	549
216 	North Dakota 	30 	15 	15 	.500 	-5.93 	-3.08 	12 	8 	11 	4 	4 	11 	2226 	2219 		766 	1568 	.489 	146 	407 	.359 	541 	740 	.731 	293 	1013 	343 	161 	97 	448 	597
217 	North Florida 	32 	16 	16 	.500 	-7.40 	-3.20 	10 	8 	9 	5 	7 	11 	2318 	2377 		851 	1861 	.457 	182 	511 	.356 	493 	745 	.662 	347 	1091 	374 	262 	121 	350 	635
218 	North Texas 	30 	15 	15 	.500 	-3.87 	-0.66 	6 	10 	9 	7 	6 	8 	2104 	2185 		752 	1742 	.432 	178 	524 	.340 	503 	735 	.684 	338 	1129 	334 	181 	123 	374 	573
219 	Northeastern 	32 	11 	21 	.344 	-2.72 	0.09 	7 	9 	4 	8 	7 	13 	2109 	2199 		798 	1767 	.452 	200 	539 	.371 	403 	590 	.683 	319 	1062 	376 	214 	149 	358 	637
220 	Northern Arizona 	31 	15 	16 	.484 	-5.94 	-3.71 	12 	8 	9 	4 	6 	12 	2084 	2127 		726 	1587 	.457 	225 	565 	.398 	450 	633 	.711 	266 	926 	372 	183 	85 	369 	531
221 	Northern Colorado 	29 	17 	12 	.586 	-3.23 	-5.64 	11 	9 	13 	2 	4 	10 	2168 	2040 		695 	1493 	.466 	184 	500 	.368 	466 	640 	.728 	259 	859 	356 	140 	100 	355 	538
222 	Northern Illinois 	31 	15 	16 	.484 	-2.84 	-0.68 	8 	10 	10 	7 	5 	9 	1944 	1959 		652 	1589 	.410 	189 	616 	.307 	466 	710 	.656 	328 	1028 	337 	205 	114 	420 	629
223 	Northern Iowa 	31 	16 	15 	.516 	5.57 	3.14 	10 	8 	11 	3 	5 	12 	2256 	2149 		741 	1675 	.442 	219 	607 	.361 	448 	625 	.717 	284 	1047 	344 	183 	88 	352 	602
224 	Northern Kentucky 	30 	9 	21 	.300 	-10.51 	-4.95 	5 	13 	7 	9 	2 	12 	2044 	2211 		737 	1569 	.470 	200 	530 	.377 	537 	766 	.701 	310 	1031 	343 	171 	119 	329 	494
225 	Northwestern State 	29 	16 	13 	.552 	-3.52 	-4.33 	12 	6 	10 	3 	6 	10 	2520 	2442 		854 	1875 	.455 	206 	585 	.352 	528 	782 	.675 	422 	1181 	464 	198 	102 	483 	610
226 	Northwestern 	31 	13 	18 	.419 	4.59 	8.34 	6 	12 	8 	10 	5 	8 	1846 	1962 		688 	1665 	.413 	157 	499 	.315 	429 	652 	.658 	329 	1147 	382 	191 	122 	323 	574
227 	Notre Dame 	31 	15 	16 	.484 	9.05 	7.21 	6 	12 	13 	7 	2 	9 	2234 	2177 		777 	1739 	.447 	218 	574 	.380 	405 	539 	.751 	312 	1011 	443 	187 	113 	336 	492
228 	Oakland 	33 	13 	20 	.394 	-1.83 	3.18 	7 	9 	10 	7 	3 	13 	2455 	2554 		866 	1786 	.485 	279 	719 	.388 	543 	757 	.717 	314 	1192 	533 	184 	115 	455 	627
229 	Ohio State 	31 	23 	8 	.742 	19.12 	8.22 	10 	8 	17 	3 	6 	5 	2170 	1832 		668 	1659 	.403 	150 	525 	.286 	346 	486 	.712 	319 	1050 	284 	113 	93 	450 	604
230 	Ohio 	32 	22 	10 	.688 	3.69 	-0.66 	11 	7 	12 	6 	10 	4 	2297 	2134 		719 	1760 	.409 	173 	556 	.311 	523 	745 	.702 	359 	1108 	359 	221 	82 	407 	556
231 	Oklahoma State 	31 	20 	11 	.645 	20.00 	8.39 	8 	10 	14 	3 	6 	8 	2501 	2141 		727 	1800 	.404 	196 	605 	.324 	491 	717 	.685 	376 	1145 	339 	195 	115 	438 	669
232 	Oklahoma 	31 	23 	8 	.742 	16.03 	9.39 	12 	6 	16 	3 	7 	5 	2556 	2350 		813 	1877 	.433 	223 	662 	.337 	501 	704 	.712 	351 	1124 	384 	185 	101 	400 	656
233 	Old Dominion 	31 	15 	16 	.484 	-1.68 	-0.55 	9 	7 	10 	8 	5 	8 	1972 	2007 		667 	1601 	.417 	185 	516 	.359 	488 	715 	.683 	325 	1049 	341 	203 	120 	393 	602
234 	Oral Roberts 	31 	16 	15 	.516 	-2.11 	-3.87 	10 	8 	9 	4 	7 	11 	2230 	2155 		744 	1706 	.436 	168 	478 	.351 	499 	722 	.691 	323 	1004 	352 	176 	94 	335 	601
235 	Oregon State 	30 	16 	14 	.533 	7.41 	6.64 	8 	10 	12 	4 	4 	10 	2259 	2236 		790 	1791 	.441 	193 	547 	.353 	463 	661 	.700 	352 	1013 	436 	190 	103 	321 	643
236 	Oregon 	30 	22 	8 	.733 	16.42 	7.89 	10 	8 	15 	3 	7 	5 	2468 	2212 		736 	1695 	.434 	171 	542 	.315 	569 	800 	.711 	336 	999 	368 	151 	120 	412 	621
237 	Pacific 	30 	15 	15 	.500 	2.17 	4.69 	6 	12 	8 	7 	7 	8 	2176 	2238 		708 	1562 	.453 	230 	588 	.391 	592 	829 	.714 	277 	966 	417 	184 	120 	348 	626
238 	Penn State 	31 	15 	16 	.484 	8.93 	8.09 	6 	12 	10 	8 	5 	8 	2232 	2206 		702 	1697 	.414 	215 	618 	.348 	587 	817 	.718 	329 	1083 	379 	167 	133 	341 	597
239 	Pennsylvania 	27 	8 	19 	.296 	-6.38 	0.25 	5 	8 	6 	8 	2 	11 	1846 	2025 		646 	1530 	.422 	202 	524 	.385 	531 	755 	.703 	344 	988 	360 	204 	110 	349 	505
240 	Pepperdine 	31 	15 	16 	.484 	1.42 	3.22 	8 	10 	8 	7 	7 	9 	2206 	2247 		787 	1793 	.439 	215 	586 	.367 	458 	675 	.679 	358 	1068 	442 	211 	117 	320 	558
241 	Pittsburgh 	31 	23 	8 	.742 	16.91 	6.81 	11 	7 	15 	5 	8 	3 	2252 	1939 		667 	1613 	.414 	185 	546 	.339 	420 	596 	.705 	303 	920 	365 	148 	130 	380 	591
242 	Portland State 	29 	16 	13 	.552 	-6.34 	-5.26 	11 	9 	12 	5 	4 	8 	2122 	2082 		734 	1563 	.470 	174 	467 	.373 	440 	611 	.720 	296 	970 	405 	149 	89 	394 	589
243 	Portland 	31 	15 	16 	.484 	5.43 	2.40 	7 	11 	11 	6 	4 	10 	2327 	2233 		747 	1735 	.431 	208 	563 	.369 	531 	761 	.698 	322 	1038 	387 	218 	96 	356 	608
244 	Prairie View 	30 	8 	22 	.267 	-18.03 	-6.90 	6 	12 	6 	6 	2 	16 	2091 	2387 		802 	1681 	.477 	190 	525 	.362 	593 	867 	.684 	377 	1180 	432 	207 	125 	413 	571
245 	Presbyterian 	32 	6 	26 	.188 	-20.69 	-7.49 	2 	14 	5 	9 	1 	17 	2092 	2445 		907 	1931 	.470 	254 	679 	.374 	377 	539 	.699 	373 	1185 	450 	217 	92 	323 	514
246 	Princeton 	27 	19 	8 	.704 	4.54 	-1.88 	7 	6 	10 	2 	9 	6 	1936 	1739 		605 	1416 	.427 	133 	411 	.324 	396 	537 	.737 	222 	875 	274 	161 	79 	332 	504
247 	Providence 	31 	20 	11 	.645 	11.46 	8.01 	10 	8 	14 	3 	6 	8 	2265 	2158 		785 	1770 	.444 	165 	489 	.337 	423 	612 	.691 	321 	1018 	370 	178 	99 	351 	601
248 	Purdue 	31 	15 	16 	.484 	8.45 	7.77 	5 	13 	13 	6 	2 	10 	2251 	2230 		748 	1778 	.421 	202 	609 	.332 	532 	747 	.712 	337 	1100 	400 	207 	161 	359 	616
249 	Quinnipiac 	31 	20 	11 	.645 	0.00 	-2.39 	14 	6 	10 	3 	10 	8 	2453 	2379 		842 	1947 	.432 	187 	544 	.344 	508 	718 	.708 	336 	1044 	388 	180 	146 	267 	726
250 	Radford 	33 	21 	12 	.636 	-7.98 	-9.05 	10 	6 	11 	4 	10 	8 	2574 	2426 		860 	1875 	.459 	206 	542 	.380 	500 	714 	.700 	354 	1116 	381 	180 	95 	422 	629
251 	Rhode Island 	31 	14 	17 	.452 	3.02 	3.29 	5 	12 	10 	6 	4 	11 	2108 	2113 		745 	1721 	.433 	140 	484 	.289 	483 	726 	.665 	337 	1043 	330 	217 	133 	362 	624
252 	Rice 	29 	7 	22 	.241 	-9.18 	0.11 	2 	14 	6 	10 	1 	12 	1791 	2020 		672 	1554 	.432 	181 	520 	.348 	495 	708 	.699 	302 	1087 	371 	208 	86 	323 	499
253 	Richmond 	31 	18 	13 	.581 	5.99 	4.31 	8 	8 	12 	4 	6 	9 	2067 	2015 		685 	1662 	.412 	154 	512 	.301 	491 	697 	.704 	371 	1188 	313 	163 	109 	412 	611
254 	Rider 	31 	14 	17 	.452 	-4.28 	-1.64 	9 	11 	6 	7 	8 	10 	2292 	2374 		801 	1705 	.470 	235 	611 	.385 	537 	746 	.720 	323 	1062 	438 	197 	114 	413 	665
255 	Robert Morris 	33 	21 	12 	.636 	-3.19 	-4.01 	14 	2 	12 	2 	9 	10 	2362 	2335 		809 	1789 	.452 	227 	691 	.329 	490 	704 	.696 	350 	1130 	477 	174 	133 	432 	588
256 	Rutgers 	31 	11 	20 	.355 	1.01 	5.61 	5 	13 	10 	10 	1 	10 	2244 	2355 		779 	1746 	.446 	230 	611 	.376 	567 	769 	.737 	346 	1109 	426 	189 	111 	378 	626
257 	Sacramento State 	29 	14 	15 	.483 	-7.30 	-4.82 	10 	10 	11 	3 	3 	12 	1994 	2000 		668 	1458 	.458 	163 	476 	.342 	501 	724 	.692 	282 	923 	383 	152 	76 	344 	540
258 	Sacred Heart 	31 	5 	26 	.161 	-12.67 	-5.70 	2 	14 	1 	10 	4 	16 	2162 	2378 		797 	1732 	.460 	216 	632 	.342 	568 	765 	.742 	341 	1133 	417 	194 	136 	396 	558
259 	Saint Francis (PA) 	31 	10 	21 	.323 	-12.90 	-5.35 	7 	9 	5 	8 	5 	13 	1916 	2150 		789 	1686 	.468 	190 	507 	.375 	382 	507 	.753 	311 	1109 	338 	161 	112 	343 	515
260 	Saint Joseph's 	30 	21 	9 	.700 	8.48 	4.58 	11 	5 	13 	4 	8 	5 	2150 	2033 		729 	1720 	.424 	206 	599 	.344 	369 	530 	.696 	301 	979 	416 	201 	67 	314 	570
261 	Saint Louis 	31 	26 	5 	.839 	12.18 	3.55 	13 	3 	14 	4 	12 	1 	2172 	1888 		679 	1715 	.396 	122 	443 	.275 	408 	587 	.695 	328 	1076 	318 	219 	139 	443 	604
262 	Saint Mary's (CA) 	33 	22 	11 	.667 	9.53 	4.28 	11 	7 	15 	4 	7 	7 	2377 	2171 		770 	1716 	.449 	147 	445 	.330 	484 	684 	.708 	316 	987 	352 	191 	112 	375 	661
263 	Saint Peter's 	31 	14 	17 	.452 	-5.83 	-3.22 	9 	11 	8 	5 	6 	12 	1961 	2042 		692 	1650 	.419 	187 	562 	.333 	471 	674 	.699 	335 	1071 	353 	176 	100 	360 	613
264 	Sam Houston State 	30 	21 	9 	.700 	-4.80 	-8.05 	13 	5 	12 	1 	9 	8 	2316 	2113 		694 	1578 	.440 	159 	469 	.339 	566 	793 	.714 	320 	1000 	423 	182 	95 	437 	680
265 	Samford 	33 	13 	20 	.394 	-14.73 	-7.23 	6 	10 	10 	4 	3 	16 	2327 	2521 		855 	1847 	.463 	225 	608 	.370 	586 	858 	.683 	384 	1156 	466 	203 	133 	385 	615
266 	San Diego State 	30 	27 	3 	.900 	14.76 	4.40 	16 	2 	15 	1 	12 	2 	2140 	1715 		621 	1613 	.385 	150 	521 	.288 	323 	484 	.667 	314 	989 	299 	136 	128 	422 	601
267 	San Diego 	32 	16 	16 	.500 	2.85 	3.05 	7 	11 	10 	8 	6 	8 	2138 	2071 		726 	1705 	.426 	193 	578 	.334 	426 	615 	.693 	334 	1049 	378 	188 	97 	367 	591
268 	San Francisco 	32 	21 	11 	.656 	6.70 	4.74 	13 	5 	13 	5 	8 	6 	2406 	2286 		779 	1777 	.438 	219 	627 	.349 	509 	726 	.701 	332 	1051 	363 	178 	103 	376 	684
269 	San Jose State 	30 	7 	23 	.233 	-6.93 	3.35 	1 	17 	4 	9 	3 	14 	1886 	2139 		717 	1673 	.429 	206 	583 	.353 	499 	747 	.668 	331 	1107 	399 	195 	111 	296 	497
270 	Santa Clara 	33 	14 	19 	.424 	1.40 	3.53 	6 	12 	8 	8 	6 	11 	2340 	2325 		798 	1742 	.458 	152 	426 	.357 	577 	800 	.721 	349 	1176 	400 	149 	105 	398 	626
271 	Savannah State 	31 	13 	18 	.419 	-9.04 	-5.04 	10 	6 	8 	5 	5 	13 	1921 	2000 		652 	1594 	.409 	144 	465 	.310 	552 	789 	.700 	372 	1095 	340 	220 	125 	461 	559
272 	Seattle 	29 	13 	16 	.448 	-5.74 	-4.00 	5 	11 	7 	7 	6 	9 	2071 	2049 		667 	1579 	.422 	183 	545 	.336 	532 	744 	.715 	300 	956 	354 	202 	89 	374 	527
273 	Seton Hall 	31 	15 	16 	.484 	8.05 	5.76 	6 	12 	11 	8 	4 	8 	2253 	2182 		745 	1672 	.446 	197 	551 	.358 	495 	687 	.721 	291 	1015 	376 	173 	118 	386 	620
274 	Siena 	32 	15 	17 	.469 	-2.34 	-0.62 	11 	9 	10 	4 	5 	13 	2237 	2292 		742 	1764 	.421 	185 	550 	.336 	623 	923 	.675 	416 	1123 	351 	222 	164 	407 	675
275 	South Alabama 	31 	11 	20 	.355 	-4.66 	-0.09 	5 	13 	10 	6 	1 	14 	2136 	2182 		759 	1750 	.434 	180 	530 	.340 	484 	705 	.687 	341 	1122 	353 	161 	113 	357 	574
276 	South Carolina State 	30 	9 	21 	.300 	-16.98 	-5.73 	5 	11 	7 	6 	2 	15 	1883 	2180 		743 	1675 	.444 	195 	578 	.337 	499 	723 	.690 	363 	1103 	393 	215 	119 	372 	544
277 	South Carolina Upstate 	33 	19 	14 	.576 	-2.05 	-4.82 	11 	7 	13 	2 	6 	12 	2432 	2286 		758 	1866 	.406 	263 	765 	.344 	507 	696 	.728 	366 	1120 	415 	205 	88 	414 	619
278 	South Carolina 	31 	12 	19 	.387 	4.81 	6.68 	5 	13 	9 	7 	3 	12 	2134 	2192 		693 	1589 	.436 	185 	561 	.330 	621 	910 	.682 	353 	1012 	394 	239 	147 	417 	652
279 	South Dakota State 	31 	19 	12 	.613 	0.81 	-1.27 	10 	4 	11 	3 	8 	9 	2250 	2126 		748 	1679 	.446 	192 	539 	.356 	438 	612 	.716 	228 	930 	359 	210 	86 	346 	654
280 	South Dakota 	30 	12 	18 	.400 	-6.43 	-0.17 	6 	8 	10 	4 	2 	14 	2084 	2152 		741 	1688 	.439 	220 	574 	.383 	450 	624 	.721 	301 	1003 	390 	185 	98 	329 	534
281 	South Florida 	31 	12 	19 	.387 	-0.17 	4.99 	3 	15 	7 	10 	5 	9 	2032 	2192 		787 	1782 	.442 	199 	536 	.371 	419 	591 	.709 	353 	1090 	414 	209 	144 	360 	588
282 	Southeast Missouri State 	32 	18 	14 	.563 	-5.55 	-6.65 	8 	8 	11 	4 	7 	10 	2654 	2514 		839 	1882 	.446 	244 	654 	.373 	591 	801 	.738 	331 	1063 	429 	216 	73 	388 	626
283 	Southeastern Louisiana 	29 	12 	17 	.414 	-12.46 	-7.13 	7 	11 	8 	5 	4 	12 	2021 	2101 		733 	1621 	.452 	166 	485 	.342 	469 	695 	.675 	333 	1048 	387 	155 	99 	318 	535
284 	Southern California 	31 	11 	20 	.355 	3.19 	8.69 	2 	16 	9 	10 	2 	10 	2202 	2351 		819 	1910 	.429 	216 	665 	.325 	497 	724 	.686 	384 	1144 	465 	234 	132 	346 	587
285 	SIU Edwardsville 	31 	11 	20 	.355 	-10.56 	-5.29 	7 	9 	9 	6 	2 	14 	2264 	2364 		851 	1713 	.497 	184 	533 	.345 	478 	695 	.688 	325 	1054 	446 	207 	94 	433 	582
286 	Southern Illinois 	33 	14 	19 	.424 	-0.22 	0.47 	9 	9 	10 	6 	4 	13 	2208 	2208 		735 	1678 	.438 	223 	665 	.335 	515 	721 	.714 	331 	1040 	394 	187 	119 	424 	660
287 	Southern Methodist 	31 	23 	8 	.742 	14.07 	4.55 	12 	6 	17 	2 	6 	6 	2220 	1925 		623 	1661 	.375 	204 	650 	.314 	475 	685 	.693 	353 	977 	352 	253 	111 	435 	631
288 	Southern Mississippi 	31 	26 	5 	.839 	6.97 	-1.24 	13 	3 	14 	0 	12 	5 	2252 	1933 		635 	1497 	.424 	227 	663 	.342 	436 	681 	.640 	299 	906 	416 	180 	98 	509 	659
289 	Southern Utah 	29 	2 	27 	.069 	-19.22 	-2.51 	1 	19 	2 	11 	0 	16 	1710 	2171 		702 	1470 	.478 	158 	416 	.380 	609 	844 	.722 	306 	1040 	331 	199 	86 	321 	539
290 	Southern 	31 	19 	12 	.613 	-2.75 	-7.25 	15 	3 	10 	4 	9 	8 	2232 	1942 		613 	1658 	.370 	159 	535 	.297 	557 	852 	.654 	346 	1078 	258 	191 	100 	403 	597
291 	St. Bonaventure 	30 	16 	14 	.533 	6.20 	2.40 	6 	10 	11 	4 	5 	10 	2220 	2106 		705 	1592 	.443 	190 	531 	.358 	506 	720 	.703 	319 	975 	363 	182 	107 	447 	631
292 	St. Francis (NY) 	32 	18 	14 	.563 	-4.34 	-5.60 	9 	7 	10 	3 	8 	11 	2207 	2139 		717 	1748 	.410 	154 	463 	.333 	551 	755 	.730 	331 	1087 	339 	199 	105 	396 	585
293 	St. John's (NY) 	31 	20 	11 	.645 	13.45 	7.48 	10 	8 	14 	5 	6 	6 	2251 	2066 		708 	1742 	.406 	189 	561 	.337 	461 	652 	.707 	354 	1109 	363 	168 	95 	413 	621
294 	Stanford 	30 	19 	11 	.633 	13.90 	8.77 	10 	8 	12 	4 	7 	7 	2214 	2060 		707 	1689 	.419 	205 	568 	.361 	441 	618 	.714 	302 	1004 	405 	162 	81 	349 	623
295 	Stephen F. Austin 	31 	29 	2 	.935 	4.58 	-8.22 	18 	0 	15 	0 	14 	2 	2371 	1940 		646 	1426 	.453 	124 	359 	.345 	524 	762 	.688 	258 	897 	305 	159 	105 	516 	632
296 	Stetson 	31 	7 	24 	.226 	-15.77 	-4.93 	5 	13 	6 	7 	1 	17 	1916 	2252 		786 	1687 	.466 	227 	606 	.375 	453 	633 	.716 	363 	1125 	437 	208 	115 	377 	569
297 	Stony Brook 	32 	23 	9 	.719 	-0.77 	-6.48 	13 	3 	12 	3 	11 	6 	2311 	2118 		698 	1688 	.414 	231 	704 	.328 	491 	696 	.705 	291 	990 	392 	218 	112 	412 	630
298 	Syracuse 	31 	27 	4 	.871 	16.72 	7.68 	14 	4 	16 	2 	11 	2 	2118 	1838 		626 	1524 	.411 	217 	628 	.346 	369 	553 	.667 	319 	979 	400 	133 	96 	419 	549
299 	Temple 	30 	9 	21 	.300 	3.10 	7.30 	4 	14 	4 	10 	5 	11 	2201 	2327 		846 	1781 	.475 	184 	513 	.359 	451 	658 	.685 	348 	1121 	440 	174 	140 	327 	525
300 	Tennessee-Martin 	31 	8 	23 	.258 	-13.38 	-4.76 	3 	13 	5 	10 	3 	13 	2304 	2526 		872 	1675 	.521 	194 	516 	.376 	588 	829 	.709 	300 	1129 	526 	189 	136 	437 	628
301 	Tennessee State 	30 	5 	25 	.167 	-9.91 	-2.08 	4 	12 	3 	11 	2 	14 	2061 	2265 		744 	1606 	.463 	184 	545 	.338 	593 	823 	.721 	319 	1029 	373 	172 	116 	335 	588
302 	Tennessee Tech 	33 	17 	16 	.515 	-8.14 	-4.63 	9 	7 	10 	5 	7 	11 	2376 	2376 		776 	1727 	.449 	189 	538 	.351 	635 	895 	.709 	347 	1068 	396 	242 	86 	470 	651
303 	Tennessee 	31 	20 	11 	.645 	16.52 	7.05 	11 	7 	16 	4 	4 	7 	2246 	1915 		683 	1661 	.411 	158 	459 	.344 	391 	559 	.699 	298 	942 	308 	161 	123 	337 	610
304 	Texas A&M-Corpus Christi 	31 	17 	14 	.548 	-5.62 	-6.75 	14 	4 	10 	7 	7 	7 	2145 	2083 		701 	1606 	.436 	182 	554 	.329 	499 	729 	.684 	328 	967 	380 	177 	129 	377 	626
305 	Texas A&M 	31 	17 	14 	.548 	5.73 	3.69 	8 	10 	16 	3 	1 	11 	2002 	1939 		664 	1656 	.401 	175 	600 	.292 	436 	640 	.681 	352 	1126 	373 	184 	127 	406 	552
306 	Texas-Arlington 	30 	14 	16 	.467 	-4.63 	-0.45 	9 	9 	9 	5 	5 	11 	2290 	2332 		780 	1773 	.440 	272 	733 	.371 	500 	744 	.672 	342 	1089 	415 	196 	106 	374 	598
307 	Texas Christian 	30 	9 	21 	.300 	-1.08 	8.19 	0 	18 	6 	10 	3 	11 	1905 	2171 		767 	1738 	.441 	201 	584 	.344 	436 	617 	.707 	400 	1179 	479 	168 	103 	374 	603
308 	Texas-El Paso 	31 	22 	9 	.710 	5.18 	0.25 	12 	4 	13 	5 	9 	4 	2158 	1959 		666 	1756 	.379 	178 	617 	.288 	449 	681 	.659 	399 	1068 	339 	196 	77 	354 	673
309 	Texas-Pan American 	31 	9 	22 	.290 	-9.88 	-4.12 	5 	11 	3 	10 	6 	12 	2038 	2179 		724 	1657 	.437 	193 	607 	.318 	538 	790 	.681 	362 	1173 	433 	186 	114 	448 	568
310 	Texas-San Antonio 	29 	8 	21 	.276 	-10.84 	-0.49 	4 	12 	7 	9 	1 	12 	1990 	2225 		765 	1630 	.469 	225 	615 	.366 	470 	704 	.668 	321 	976 	432 	214 	132 	342 	631
311 	Texas Southern 	30 	16 	14 	.533 	-8.14 	-9.00 	12 	6 	9 	2 	7 	12 	2285 	2243 		839 	1847 	.454 	206 	563 	.366 	359 	518 	.693 	339 	1015 	434 	194 	119 	331 	646
312 	Texas State 	31 	8 	23 	.258 	-7.31 	-0.96 	4 	14 	6 	9 	2 	14 	1903 	2047 		692 	1546 	.448 	206 	520 	.396 	457 	647 	.706 	269 	958 	346 	204 	99 	381 	512
313 	Texas Tech 	31 	14 	17 	.452 	9.47 	8.89 	6 	12 	11 	6 	3 	11 	2128 	2110 		710 	1630 	.436 	197 	602 	.327 	493 	667 	.739 	322 	932 	344 	182 	111 	357 	558
314 	Texas 	31 	22 	9 	.710 	13.37 	9.01 	11 	7 	16 	2 	6 	7 	2311 	2176 		723 	1805 	.401 	219 	648 	.338 	511 	746 	.685 	343 	1062 	386 	202 	108 	362 	649
315 	Toledo 	31 	26 	5 	.839 	4.38 	-1.29 	14 	4 	15 	0 	11 	5 	2499 	2282 		823 	1780 	.462 	211 	601 	.351 	425 	604 	.704 	334 	1022 	415 	177 	114 	433 	675
316 	Towson 	33 	23 	10 	.697 	1.29 	-2.75 	13 	3 	15 	2 	8 	8 	2414 	2255 		772 	1925 	.401 	189 	609 	.310 	520 	764 	.681 	407 	1103 	373 	159 	122 	281 	725
317 	Troy 	30 	11 	19 	.367 	-5.19 	-2.26 	6 	12 	8 	7 	3 	12 	2060 	2097 		767 	1729 	.444 	186 	579 	.321 	377 	539 	.699 	339 	1057 	416 	177 	94 	364 	621
318 	Tulane 	31 	16 	15 	.516 	-7.85 	-1.65 	8 	8 	12 	6 	4 	9 	1994 	2170 		750 	1689 	.444 	218 	616 	.354 	452 	670 	.675 	350 	1059 	449 	204 	107 	333 	639
319 	Tulsa 	30 	18 	12 	.600 	5.92 	0.86 	13 	3 	11 	3 	7 	9 	2197 	2045 		658 	1615 	.407 	186 	538 	.346 	543 	788 	.689 	320 	1070 	334 	178 	99 	420 	637
320 	UCLA 	31 	23 	8 	.742 	17.73 	7.15 	12 	6 	16 	2 	7 	6 	2541 	2213 		756 	1764 	.429 	256 	738 	.347 	445 	657 	.677 	319 	1048 	428 	170 	86 	457 	565
321 	Utah State 	30 	17 	13 	.567 	6.10 	3.27 	7 	11 	13 	5 	4 	8 	2103 	1990 		698 	1666 	.419 	178 	567 	.314 	416 	576 	.722 	270 	908 	370 	156 	120 	238 	512
322 	Utah Valley 	29 	19 	10 	.655 	-4.32 	-3.39 	13 	3 	13 	2 	6 	8 	1945 	1879 		678 	1585 	.428 	163 	519 	.314 	360 	557 	.646 	301 	968 	330 	176 	105 	315 	542
323 	Utah 	30 	20 	10 	.667 	14.65 	6.15 	9 	9 	18 	2 	2 	8 	2315 	1920 		687 	1684 	.408 	162 	533 	.304 	384 	575 	.668 	303 	947 	313 	180 	95 	385 	585
324 	Valparaiso 	33 	18 	15 	.545 	0.46 	-0.07 	9 	7 	12 	5 	6 	10 	2383 	2225 		735 	1864 	.394 	199 	604 	.329 	556 	792 	.702 	379 	1048 	419 	238 	124 	362 	654
325 	Vanderbilt 	30 	15 	15 	.500 	6.41 	6.95 	7 	11 	10 	6 	5 	9 	1934 	1950 		690 	1723 	.400 	175 	582 	.301 	395 	612 	.645 	397 	1086 	326 	209 	112 	318 	542
326 	Vermont 	32 	22 	10 	.688 	4.81 	-4.83 	15 	1 	10 	2 	12 	8 	2278 	1937 		647 	1648 	.393 	179 	545 	.328 	464 	648 	.716 	297 	948 	311 	179 	110 	408 	677
327 	Villanova 	31 	28 	3 	.903 	20.68 	8.32 	16 	2 	15 	1 	13 	2 	2450 	2067 		697 	1716 	.406 	197 	560 	.352 	476 	676 	.704 	331 	1030 	378 	177 	72 	434 	644
328 	Virginia Commonwealth 	31 	24 	7 	.774 	14.71 	4.68 	12 	4 	16 	0 	8 	7 	2343 	2032 		720 	1670 	.431 	147 	500 	.294 	445 	661 	.673 	339 	1154 	343 	188 	132 	580 	617
329 	VMI 	31 	19 	12 	.613 	-6.82 	-7.34 	11 	5 	13 	2 	6 	10 	2718 	2531 		905 	2109 	.429 	190 	566 	.336 	531 	742 	.716 	457 	1336 	414 	180 	120 	407 	590
330 	Virginia Tech 	30 	9 	21 	.300 	2.05 	6.15 	2 	16 	8 	10 	1 	11 	1897 	2020 		704 	1743 	.404 	229 	698 	.328 	383 	580 	.660 	327 	1023 	389 	189 	112 	252 	537
331 	Virginia 	31 	25 	6 	.806 	18.03 	7.16 	16 	2 	15 	2 	10 	4 	2055 	1718 		599 	1560 	.384 	172 	545 	.316 	348 	520 	.669 	268 	909 	299 	155 	109 	360 	569
332 	Wagner 	31 	19 	12 	.613 	-3.49 	-6.39 	12 	4 	10 	3 	9 	9 	2217 	2122 		698 	1783 	.391 	172 	574 	.300 	554 	779 	.711 	380 	1146 	317 	196 	125 	406 	571
333 	Wake Forest 	31 	16 	15 	.516 	5.81 	6.59 	6 	12 	14 	4 	2 	11 	2164 	2188 		764 	1797 	.425 	174 	559 	.311 	486 	709 	.685 	388 	1124 	385 	204 	114 	360 	646
334 	Washington State 	30 	10 	20 	.333 	2.04 	7.77 	3 	15 	7 	8 	3 	12 	1871 	2007 		685 	1529 	.448 	183 	496 	.369 	454 	671 	.677 	263 	1013 	348 	173 	79 	332 	534
335 	Washington 	31 	17 	14 	.548 	6.94 	6.94 	9 	9 	14 	4 	3 	10 	2323 	2323 		836 	1759 	.475 	152 	476 	.319 	499 	725 	.688 	298 	1017 	374 	170 	127 	347 	575
336 	Weber State 	28 	17 	11 	.607 	-1.28 	-4.39 	14 	6 	12 	2 	5 	9 	2041 	1863 		675 	1599 	.422 	123 	366 	.336 	390 	550 	.709 	280 	867 	317 	149 	51 	264 	574
337 	West Virginia 	31 	17 	14 	.548 	13.18 	8.25 	9 	9 	12 	6 	5 	8 	2432 	2279 		792 	1776 	.446 	206 	602 	.342 	489 	727 	.673 	358 	1123 	403 	144 	121 	398 	634
338 	Western Carolina 	34 	19 	15 	.559 	-6.56 	-6.24 	10 	6 	11 	3 	8 	12 	2524 	2469 		799 	1781 	.449 	189 	566 	.334 	682 	970 	.703 	359 	1173 	395 	204 	89 	468 	628
339 	Western Illinois 	30 	10 	20 	.333 	-6.79 	-1.98 	4 	10 	7 	5 	3 	15 	1838 	1880 		625 	1481 	.422 	163 	487 	.335 	467 	653 	.715 	263 	930 	341 	213 	87 	367 	521
340 	Western Kentucky 	31 	20 	11 	.645 	-1.34 	-1.24 	12 	6 	13 	4 	7 	7 	2124 	2089 		706 	1646 	.429 	177 	501 	.353 	500 	695 	.719 	289 	1028 	326 	209 	137 	402 	605
341 	Western Michigan 	30 	21 	9 	.700 	1.79 	-1.69 	14 	4 	13 	2 	8 	7 	2158 	2021 		694 	1699 	.408 	202 	663 	.305 	431 	596 	.723 	344 	977 	366 	219 	94 	388 	639
342 	Wichita State 	34 	34 	0 	1.000 	16.66 	1.60 	18 	0 	17 	0 	17 	0 	2566 	2026 		707 	1803 	.392 	198 	638 	.310 	414 	634 	.653 	316 	1049 	340 	157 	89 	418 	720
343 	William & Mary 	32 	20 	12 	.625 	-1.18 	-1.98 	10 	6 	10 	4 	10 	8 	2340 	2281 		835 	1819 	.459 	224 	598 	.375 	387 	538 	.719 	323 	1082 	387 	186 	100 	330 	575
344 	Winthrop 	33 	20 	13 	.606 	-6.58 	-6.71 	10 	6 	12 	3 	8 	10 	2442 	2355 		812 	1761 	.461 	205 	567 	.362 	526 	750 	.701 	325 	1127 	400 	209 	140 	469 	623
345 	Wisconsin 	31 	25 	6 	.806 	18.69 	9.72 	12 	6 	14 	3 	11 	3 	2269 	1991 		762 	1766 	.431 	148 	441 	.336 	319 	439 	.727 	289 	992 	296 	131 	91 	311 	630
346 	Wofford 	32 	20 	12 	.625 	-4.34 	-6.62 	11 	5 	9 	4 	11 	8 	2165 	1997 		705 	1596 	.442 	146 	461 	.317 	441 	650 	.678 	280 	1015 	311 	176 	110 	413 	549
347 	Wright State 	33 	20 	13 	.606 	0.53 	-2.57 	10 	6 	13 	2 	7 	11 	2229 	2050 		686 	1608 	.427 	176 	541 	.325 	502 	702 	.715 	302 	1044 	353 	197 	109 	537 	654
348 	Wyoming 	31 	18 	13 	.581 	5.59 	2.69 	9 	9 	14 	4 	4 	9 	2020 	1905 		672 	1657 	.406 	183 	581 	.315 	378 	529 	.715 	326 	1013 	280 	131 	79 	320 	609
349 	Xavier 	31 	20 	11 	.645 	13.24 	8.53 	10 	8 	15 	2 	5 	9 	2237 	2091 		715 	1704 	.420 	213 	611 	.349 	448 	678 	.661 	314 	981 	440 	180 	149 	347 	637
350 	Yale 	28 	15 	13 	.536 	-2.06 	-1.09 	9 	5 	8 	4 	7 	9 	1865 	1852 		623 	1428 	.436 	179 	493 	.363 	427 	602 	.709 	242 	858 	317 	182 	98 	349 	618
351 	Youngstown State 	32 	15 	17 	.469 	-1.90 	-0.87 	6 	10 	11 	4 	4 	13 	2461 	2370 		817 	1799 	.454 	209 	592 	.353 	527 	734 	.718 	312 	1094 	447 	191 	75 	424 	622
